(1,1, 1, '2009-12-21', 'acquisizione', 10274, 1),
(2,1, 1, '2010-12-10', 'vendita', 10274, 1),
(3,2, 2, '2009-12-29', 'acquisizione', 23246, 2),
(4,3, 3, '2009-08-02', 'acquisizione', 43832, 3),
(5,3, 3, '2010-03-03', 'vendita', 43832, 3),
(6,4, 4, '2009-06-29', 'acquisizione', 38540, 4),
(7,5, 5, '2010-07-17', 'acquisizione', 51858, 5),
(8,6, 6, '2009-11-08', 'acquisizione', 64261, 6),
(9,6, 6, '2010-09-15', 'vendita', 64261, 6),
(10,7, 7, '2009-05-28', 'acquisizione', 38435, 7),
(11,8, 8, '2010-01-28', 'acquisizione', 50620, 8),
(12,9, 9, '2009-04-30', 'acquisizione', 58735, 9),
(13,10, 10, '2009-10-09', 'acquisizione', 23913, 10),
(14,10, 10, '2010-07-17', 'vendita', 23913, 10),
(15,11, 11, '2009-07-29', 'acquisizione', 65101, 11),
(16,12, 12, '2009-06-03', 'acquisizione', 43765, 12),
(17,12, 12, '2009-11-03', 'vendita', 43765, 12),
(18,13, 13, '2010-06-15', 'acquisizione', 62970, 13),
(19,14, 14, '2010-04-23', 'acquisizione', 28018, 14),
(20,14, 14, '2011-08-13', 'vendita', 28018, 14),
(21,15, 15, '2010-04-08', 'acquisizione', 43880, 15),
(22,15, 15, '2011-07-14', 'vendita', 43880, 15),
(23,16, 16, '2010-02-06', 'acquisizione', 61365, 16),
(24,16, 16, '2011-03-14', 'vendita', 61365, 16),
(25,17, 17, '2009-10-07', 'acquisizione', 73563, 17),
(26,17, 17, '2010-07-13', 'vendita', 73563, 17),
(27,18, 18, '2009-04-29', 'acquisizione', 79175, 18),
(28,18, 18, '2009-08-25', 'vendita', 79175, 18),
(29,19, 19, '2009-09-26', 'acquisizione', 27949, 19),
(30,20, 20, '2010-03-28', 'acquisizione', 39221, 20),
(31,20, 20, '2011-06-22', 'vendita', 39221, 20),
(32,21, 21, '2009-08-20', 'acquisizione', 42970, 21),
(33,22, 22, '2010-08-04', 'acquisizione', 21058, 22),
(34,22, 22, '2012-03-06', 'vendita', 21058, 22),
(35,23, 23, '2009-12-19', 'acquisizione', 26319, 23),
(36,24, 24, '2010-06-04', 'acquisizione', 72474, 24),
(37,25, 25, '2010-08-10', 'acquisizione', 33759, 25),
(38,25, 25, '2012-03-18', 'vendita', 33759, 25),
(39,26, 26, '2009-10-25', 'acquisizione', 21640, 26),
(40,26, 26, '2010-08-18', 'vendita', 21640, 26),
(41,27, 27, '2010-01-17', 'acquisizione', 74188, 27),
(42,27, 27, '2011-02-02', 'vendita', 74188, 27),
(43,28, 28, '2010-01-29', 'acquisizione', 57763, 28),
(44,29, 29, '2010-02-20', 'acquisizione', 29508, 29),
(45,30, 30, '2010-06-01', 'acquisizione', 14512, 30),
(46,30, 30, '2011-10-30', 'vendita', 14512, 30),
(47,31, 31, '2010-04-07', 'acquisizione', 11146, 31),
(48,32, 32, '2010-05-08', 'acquisizione', 10785, 32),
(49,32, 32, '2011-09-12', 'vendita', 10785, 32),
(50,33, 33, '2009-04-05', 'acquisizione', 21678, 33),
(51,34, 34, '2009-04-19', 'acquisizione', 39144, 34),
(52,34, 34, '2009-08-05', 'vendita', 39144, 34),
(53,35, 35, '2009-04-29', 'acquisizione', 76641, 35),
(54,35, 35, '2009-08-25', 'vendita', 76641, 35),
(55,36, 36, '2009-10-10', 'acquisizione', 31301, 36),
(56,37, 37, '2009-11-17', 'acquisizione', 42773, 37),
(57,37, 37, '2010-10-03', 'vendita', 42773, 37),
(58,38, 38, '2009-05-22', 'acquisizione', 22332, 38),
(59,38, 38, '2009-10-10', 'vendita', 22332, 38),
(60,39, 39, '2010-02-07', 'acquisizione', 15029, 39),
(61,39, 39, '2011-03-16', 'vendita', 15029, 39),
(62,40, 40, '2009-05-13', 'acquisizione', 19746, 40),
(63,41, 41, '2009-10-12', 'acquisizione', 44043, 41),
(64,41, 41, '2010-07-23', 'vendita', 44043, 41),
(65,42, 42, '2009-11-12', 'acquisizione', 56594, 42),
(66,43, 43, '2009-03-05', 'acquisizione', 24738, 43),
(67,44, 44, '2009-04-26', 'acquisizione', 79418, 44),
(68,44, 44, '2009-08-19', 'vendita', 79418, 44),
(69,45, 45, '2010-08-11', 'acquisizione', 31140, 45),
(70,45, 45, '2012-03-20', 'vendita', 31140, 45),
(71,46, 46, '2009-12-14', 'acquisizione', 25374, 46),
(72,46, 46, '2010-11-26', 'vendita', 25374, 46),
(73,47, 47, '2010-01-15', 'acquisizione', 45051, 47),
(74,48, 48, '2009-05-04', 'acquisizione', 20044, 48),
(75,48, 48, '2009-09-04', 'vendita', 20044, 48),
(76,49, 49, '2009-03-06', 'acquisizione', 19097, 49),
(77,49, 49, '2009-05-09', 'vendita', 19097, 49),
(78,50, 50, '2010-04-29', 'acquisizione', 37523, 0),
(79,51, 51, '2009-07-29', 'acquisizione', 39146, 1),
(80,52, 52, '2010-01-26', 'acquisizione', 41865, 2),
(81,52, 52, '2011-02-20', 'vendita', 41865, 2),
(82,53, 53, '2010-01-08', 'acquisizione', 38422, 3),
(83,54, 54, '2010-02-15', 'acquisizione', 13269, 4),
(84,55, 55, '2010-02-04', 'acquisizione', 37934, 5),
(85,55, 55, '2011-03-10', 'vendita', 37934, 5),
(86,56, 56, '2009-11-08', 'acquisizione', 75816, 6),
(87,57, 57, '2009-05-30', 'acquisizione', 44493, 7),
(88,58, 58, '2009-05-31', 'acquisizione', 10301, 8),
(89,59, 59, '2010-02-19', 'acquisizione', 56246, 9),
(90,59, 59, '2011-04-09', 'vendita', 56246, 9),
(91,60, 60, '2009-02-20', 'acquisizione', 61583, 10),
(92,60, 60, '2009-04-11', 'vendita', 61583, 10),
(93,61, 61, '2009-12-30', 'acquisizione', 21768, 11),
(94,61, 61, '2010-12-28', 'vendita', 21768, 11),
(95,62, 62, '2010-02-14', 'acquisizione', 60789, 12),
(96,62, 62, '2011-03-30', 'vendita', 60789, 12),
(97,63, 63, '2010-01-17', 'acquisizione', 16650, 13),
(98,63, 63, '2011-02-02', 'vendita', 16650, 13),
(99,64, 64, '2010-06-15', 'acquisizione', 71618, 14),
(100,65, 65, '2010-06-20', 'acquisizione', 10449, 15),
(101,65, 65, '2011-12-07', 'vendita', 10449, 15),
(102,66, 66, '2010-06-05', 'acquisizione', 68499, 16),
(103,67, 67, '2010-03-27', 'acquisizione', 63928, 17),
(104,68, 68, '2009-03-26', 'acquisizione', 12611, 18),
(105,69, 69, '2009-08-15', 'acquisizione', 76221, 19),
(106,70, 70, '2010-06-08', 'acquisizione', 72113, 20),
(107,71, 71, '2010-06-17', 'acquisizione', 50712, 21),
(108,71, 71, '2011-12-01', 'vendita', 50712, 21),
(109,72, 72, '2009-09-21', 'acquisizione', 17560, 22),
(110,73, 73, '2010-03-07', 'acquisizione', 50270, 23),
(111,73, 73, '2011-05-11', 'vendita', 50270, 23),
(112,74, 74, '2009-09-18', 'acquisizione', 26791, 24),
(113,74, 74, '2010-06-05', 'vendita', 26791, 24),
(114,75, 75, '2010-08-24', 'acquisizione', 67096, 25),
(115,76, 76, '2009-09-02', 'acquisizione', 11841, 26),
(116,77, 77, '2010-06-19', 'acquisizione', 24610, 27),
(117,77, 77, '2011-12-05', 'vendita', 24610, 27),
(118,78, 78, '2009-04-14', 'acquisizione', 54835, 28),
(119,78, 78, '2009-07-26', 'vendita', 54835, 28),
(120,79, 79, '2010-05-31', 'acquisizione', 66162, 29),
(121,79, 79, '2011-10-28', 'vendita', 66162, 29),
(122,80, 80, '2009-05-14', 'acquisizione', 53410, 30),
(123,81, 81, '2009-02-09', 'acquisizione', 29056, 31),
(124,82, 82, '2010-02-26', 'acquisizione', 35731, 32),
(125,82, 82, '2011-04-23', 'vendita', 35731, 32),
(126,83, 83, '2010-07-15', 'acquisizione', 11953, 33),
(127,83, 83, '2012-01-26', 'vendita', 11953, 33),
(128,84, 84, '2010-07-30', 'acquisizione', 19132, 34),
(129,85, 85, '2009-02-10', 'acquisizione', 14355, 35),
(130,85, 85, '2009-03-22', 'vendita', 14355, 35),
(131,86, 86, '2010-05-07', 'acquisizione', 39215, 36),
(132,87, 87, '2009-07-16', 'acquisizione', 12400, 37),
(133,88, 88, '2009-03-31', 'acquisizione', 31075, 38),
(134,88, 88, '2009-06-28', 'vendita', 31075, 38),
(135,89, 89, '2010-01-16', 'acquisizione', 57644, 39),
(136,89, 89, '2011-01-31', 'vendita', 57644, 39),
(137,90, 90, '2010-07-20', 'acquisizione', 16311, 40),
(138,91, 91, '2010-06-03', 'acquisizione', 71095, 41),
(139,92, 92, '2009-12-29', 'acquisizione', 57752, 42),
(140,92, 92, '2010-12-26', 'vendita', 57752, 42),
(141,93, 93, '2009-03-17', 'acquisizione', 25894, 43),
(142,93, 93, '2009-05-31', 'vendita', 25894, 43),
(143,94, 94, '2010-05-07', 'acquisizione', 30203, 44),
(144,94, 94, '2011-09-10', 'vendita', 30203, 44),
(145,95, 95, '2009-07-13', 'acquisizione', 73565, 45),
(146,96, 96, '2009-06-14', 'acquisizione', 19330, 46),
(147,96, 96, '2009-11-25', 'vendita', 19330, 46),
(148,97, 97, '2009-10-18', 'acquisizione', 74864, 47),
(149,98, 98, '2009-10-10', 'acquisizione', 60685, 48),
(150,98, 98, '2010-07-19', 'vendita', 60685, 48),
(151,99, 99, '2009-12-02', 'acquisizione', 24160, 49),
(152,100, 100, '2010-03-16', 'acquisizione', 10029, 0),
(153,100, 100, '2011-05-29', 'vendita', 10029, 0),
(154,101, 101, '2010-05-01', 'acquisizione', 36588, 1),
(155,102, 102, '2009-04-10', 'acquisizione', 19700, 2),
(156,102, 102, '2009-07-18', 'vendita', 19700, 2),
(157,103, 103, '2009-10-27', 'acquisizione', 45365, 3),
(158,103, 103, '2010-08-22', 'vendita', 45365, 3),
(159,104, 104, '2010-07-18', 'acquisizione', 69329, 4),
(160,105, 105, '2009-03-28', 'acquisizione', 45440, 5),
(161,106, 106, '2010-04-09', 'acquisizione', 11256, 6),
(162,107, 107, '2009-11-10', 'acquisizione', 31417, 7),
(163,108, 108, '2009-05-10', 'acquisizione', 15823, 8),
(164,108, 108, '2009-09-16', 'vendita', 15823, 8),
(165,109, 109, '2010-05-08', 'acquisizione', 13838, 9),
(166,110, 110, '2009-04-15', 'acquisizione', 76147, 10),
(167,111, 111, '2009-05-23', 'acquisizione', 62830, 11),
(168,112, 112, '2009-10-19', 'acquisizione', 40949, 12),
(169,113, 113, '2010-07-30', 'acquisizione', 79842, 13),
(170,113, 113, '2012-02-25', 'vendita', 79842, 13),
(171,114, 114, '2009-04-03', 'acquisizione', 10239, 14),
(172,114, 114, '2009-07-04', 'vendita', 10239, 14),
(173,115, 115, '2010-03-01', 'acquisizione', 55001, 15),
(174,116, 116, '2009-02-23', 'acquisizione', 32971, 16),
(175,117, 117, '2010-03-28', 'acquisizione', 36062, 17),
(176,117, 117, '2011-06-22', 'vendita', 36062, 17),
(177,118, 118, '2010-01-29', 'acquisizione', 70968, 18),
(178,119, 119, '2009-07-06', 'acquisizione', 68487, 19),
(179,120, 120, '2010-04-01', 'acquisizione', 45650, 20),
(180,121, 121, '2010-04-27', 'acquisizione', 55291, 21),
(181,122, 122, '2010-03-21', 'acquisizione', 52894, 22),
(182,122, 122, '2011-06-08', 'vendita', 52894, 22),
(183,123, 123, '2009-03-03', 'acquisizione', 38976, 23),
(184,124, 124, '2009-11-13', 'acquisizione', 17569, 24),
(185,125, 125, '2009-03-11', 'acquisizione', 17370, 25),
(186,126, 126, '2010-02-03', 'acquisizione', 15921, 26),
(187,126, 126, '2011-03-08', 'vendita', 15921, 26),
(188,127, 127, '2009-09-29', 'acquisizione', 10261, 27),
(189,127, 127, '2010-06-27', 'vendita', 10261, 27),
(190,128, 128, '2009-05-17', 'acquisizione', 11182, 28),
(191,128, 128, '2009-09-30', 'vendita', 11182, 28),
(192,129, 129, '2010-06-23', 'acquisizione', 35054, 29),
(193,129, 129, '2011-12-13', 'vendita', 35054, 29),
(194,130, 130, '2010-01-18', 'acquisizione', 19262, 30),
(195,131, 131, '2009-02-11', 'acquisizione', 29835, 31),
(196,131, 131, '2009-03-24', 'vendita', 29835, 31),
(197,132, 132, '2010-01-11', 'acquisizione', 52648, 32),
(198,133, 133, '2010-01-14', 'acquisizione', 19483, 33),
(199,133, 133, '2011-01-27', 'vendita', 19483, 33),
(200,134, 134, '2009-08-12', 'acquisizione', 77639, 34),
(201,134, 134, '2010-03-23', 'vendita', 77639, 34),
(202,135, 135, '2010-02-05', 'acquisizione', 32540, 35),
(203,135, 135, '2011-03-12', 'vendita', 32540, 35),
(204,136, 136, '2009-12-24', 'acquisizione', 51665, 36),
(205,137, 137, '2010-06-21', 'acquisizione', 57220, 37),
(206,137, 137, '2011-12-09', 'vendita', 57220, 37),
(207,138, 138, '2009-08-13', 'acquisizione', 12861, 38),
(208,138, 138, '2010-03-25', 'vendita', 12861, 38),
(209,139, 139, '2010-05-14', 'acquisizione', 42345, 39),
(210,140, 140, '2010-07-03', 'acquisizione', 23592, 40),
(211,141, 141, '2010-06-25', 'acquisizione', 15820, 41),
(212,142, 142, '2009-07-27', 'acquisizione', 70395, 42),
(213,143, 143, '2009-08-12', 'acquisizione', 14357, 43),
(214,144, 144, '2010-06-19', 'acquisizione', 10936, 44),
(215,144, 144, '2011-12-05', 'vendita', 10936, 44),
(216,145, 145, '2009-08-27', 'acquisizione', 56246, 45),
(217,146, 146, '2010-03-13', 'acquisizione', 33895, 46),
(218,146, 146, '2011-05-23', 'vendita', 33895, 46),
(219,147, 147, '2010-01-01', 'acquisizione', 16479, 47),
(220,147, 147, '2011-01-01', 'vendita', 16479, 47),
(221,148, 148, '2009-09-03', 'acquisizione', 30045, 48),
(222,148, 148, '2010-05-06', 'vendita', 30045, 48),
(223,149, 149, '2009-12-07', 'acquisizione', 60943, 49),
(224,150, 150, '2009-07-18', 'acquisizione', 37513, 0),
(225,150, 150, '2010-02-01', 'vendita', 37513, 0),
(226,151, 151, '2010-03-03', 'acquisizione', 11398, 1),
(227,152, 152, '2010-03-14', 'acquisizione', 34968, 2),
(228,153, 153, '2010-05-24', 'acquisizione', 31518, 3),
(229,154, 154, '2010-04-14', 'acquisizione', 32001, 4),
(230,154, 154, '2011-07-26', 'vendita', 32001, 4),
(231,155, 155, '2009-10-31', 'acquisizione', 63974, 5),
(232,156, 156, '2010-03-06', 'acquisizione', 56556, 6),
(233,157, 157, '2009-09-15', 'acquisizione', 48980, 7),
(234,158, 158, '2010-04-20', 'acquisizione', 57588, 8),
(235,158, 158, '2011-08-07', 'vendita', 57588, 8),
(236,159, 159, '2010-02-09', 'acquisizione', 59217, 9),
(237,159, 159, '2011-03-20', 'vendita', 59217, 9),
(238,160, 160, '2009-11-11', 'acquisizione', 72986, 10),
(239,161, 161, '2009-11-21', 'acquisizione', 33334, 11),
(240,161, 161, '2010-10-11', 'vendita', 33334, 11),
(241,162, 162, '2009-03-11', 'acquisizione', 19121, 12),
(242,163, 163, '2009-08-02', 'acquisizione', 16769, 13),
(243,163, 163, '2010-03-03', 'vendita', 16769, 13),
(244,164, 164, '2009-03-12', 'acquisizione', 71788, 14),
(245,164, 164, '2009-05-21', 'vendita', 71788, 14),
(246,165, 165, '2009-08-31', 'acquisizione', 51902, 15),
(247,166, 166, '2009-05-02', 'acquisizione', 52382, 16),
(248,167, 167, '2009-07-23', 'acquisizione', 34739, 17),
(249,168, 168, '2009-02-06', 'acquisizione', 53865, 18),
(250,169, 169, '2009-11-26', 'acquisizione', 37133, 19),
(251,170, 170, '2009-11-15', 'acquisizione', 75615, 20),
(252,171, 171, '2009-04-26', 'acquisizione', 39174, 21),
(253,171, 171, '2009-08-19', 'vendita', 39174, 21),
(254,172, 172, '2009-03-07', 'acquisizione', 61155, 22),
(255,172, 172, '2009-05-11', 'vendita', 61155, 22),
(256,173, 173, '2009-09-29', 'acquisizione', 69856, 23),
(257,173, 173, '2010-06-27', 'vendita', 69856, 23),
(258,174, 174, '2009-11-21', 'acquisizione', 45796, 24),
(259,175, 175, '2010-02-11', 'acquisizione', 29619, 25),
(260,176, 176, '2009-07-08', 'acquisizione', 16609, 26),
(261,177, 177, '2009-11-08', 'acquisizione', 34730, 27),
(262,178, 178, '2009-08-02', 'acquisizione', 47170, 28),
(263,179, 179, '2010-07-13', 'acquisizione', 25936, 29),
(264,179, 179, '2012-01-22', 'vendita', 25936, 29),
(265,180, 180, '2010-03-06', 'acquisizione', 16628, 30),
(266,180, 180, '2011-05-09', 'vendita', 16628, 30),
(267,181, 181, '2010-04-01', 'acquisizione', 33886, 31),
(268,181, 181, '2011-06-30', 'vendita', 33886, 31),
(269,182, 182, '2009-11-26', 'acquisizione', 12108, 32),
(270,182, 182, '2010-10-21', 'vendita', 12108, 32),
(271,183, 183, '2009-08-18', 'acquisizione', 30372, 33),
(272,183, 183, '2010-04-04', 'vendita', 30372, 33),
(273,184, 184, '2009-04-14', 'acquisizione', 17248, 34),
(274,184, 184, '2009-07-26', 'vendita', 17248, 34),
(275,185, 185, '2010-05-11', 'acquisizione', 30641, 35),
(276,185, 185, '2011-09-18', 'vendita', 30641, 35),
(277,186, 186, '2009-10-28', 'acquisizione', 48190, 36),
(278,186, 186, '2010-08-24', 'vendita', 48190, 36),
(279,187, 187, '2010-05-29', 'acquisizione', 76237, 37),
(280,187, 187, '2011-10-24', 'vendita', 76237, 37),
(281,188, 188, '2010-03-03', 'acquisizione', 40742, 38),
(282,188, 188, '2011-05-03', 'vendita', 40742, 38),
(283,189, 189, '2009-09-17', 'acquisizione', 24935, 39),
(284,189, 189, '2010-06-03', 'vendita', 24935, 39),
(285,190, 190, '2009-02-21', 'acquisizione', 10972, 40),
(286,190, 190, '2009-04-13', 'vendita', 10972, 40),
(287,191, 191, '2009-09-11', 'acquisizione', 57459, 41),
(288,192, 192, '2009-04-10', 'acquisizione', 38268, 42),
(289,192, 192, '2009-07-18', 'vendita', 38268, 42),
(290,193, 193, '2010-05-27', 'acquisizione', 56114, 43),
(291,194, 194, '2009-07-29', 'acquisizione', 63915, 44),
(292,195, 195, '2009-10-12', 'acquisizione', 52907, 45),
(293,196, 196, '2009-08-14', 'acquisizione', 70447, 46),
(294,196, 196, '2010-03-27', 'vendita', 70447, 46),
(295,197, 197, '2010-04-03', 'acquisizione', 69424, 47),
(296,198, 198, '2009-09-23', 'acquisizione', 25619, 48),
(297,198, 198, '2010-06-15', 'vendita', 25619, 48),
(298,199, 199, '2009-11-06', 'acquisizione', 58463, 49),
(299,199, 199, '2010-09-11', 'vendita', 58463, 49),
(300,200, 200, '2009-11-29', 'acquisizione', 28508, 0),
(301,200, 200, '2010-10-27', 'vendita', 28508, 0),
(302,201, 201, '2009-06-16', 'acquisizione', 38040, 1),
(303,202, 202, '2009-05-08', 'acquisizione', 55400, 2),
(304,202, 202, '2009-09-12', 'vendita', 55400, 2),
(305,203, 203, '2009-05-25', 'acquisizione', 68908, 3),
(306,204, 204, '2009-06-09', 'acquisizione', 41088, 4),
(307,204, 204, '2009-11-15', 'vendita', 41088, 4),
(308,205, 205, '2009-06-10', 'acquisizione', 52608, 5),
(309,206, 206, '2009-04-25', 'acquisizione', 18602, 6),
(310,207, 207, '2009-04-28', 'acquisizione', 30143, 7),
(311,207, 207, '2009-08-23', 'vendita', 30143, 7),
(312,208, 208, '2009-09-16', 'acquisizione', 76381, 8),
(313,209, 209, '2009-05-30', 'acquisizione', 19515, 9),
(314,209, 209, '2009-10-26', 'vendita', 19515, 9),
(315,210, 210, '2009-03-19', 'acquisizione', 57388, 10),
(316,211, 211, '2010-01-07', 'acquisizione', 53205, 11),
(317,211, 211, '2011-01-13', 'vendita', 53205, 11),
(318,212, 212, '2009-06-06', 'acquisizione', 60451, 12),
(319,212, 212, '2009-11-09', 'vendita', 60451, 12),
(320,213, 213, '2009-11-05', 'acquisizione', 52458, 13),
(321,214, 214, '2010-05-19', 'acquisizione', 31112, 14),
(322,214, 214, '2011-10-04', 'vendita', 31112, 14),
(323,215, 215, '2009-06-18', 'acquisizione', 45024, 15),
(324,216, 216, '2010-05-20', 'acquisizione', 38957, 16),
(325,216, 216, '2011-10-06', 'vendita', 38957, 16),
(326,217, 217, '2009-09-08', 'acquisizione', 65598, 17),
(327,218, 218, '2009-09-25', 'acquisizione', 20162, 18),
(328,218, 218, '2010-06-19', 'vendita', 20162, 18),
(329,219, 219, '2009-06-29', 'acquisizione', 55107, 19),
(330,220, 220, '2009-09-30', 'acquisizione', 53731, 20),
(331,221, 221, '2010-04-14', 'acquisizione', 32595, 21),
(332,221, 221, '2011-07-26', 'vendita', 32595, 21),
(333,222, 222, '2009-06-03', 'acquisizione', 31298, 22),
(334,223, 223, '2010-04-04', 'acquisizione', 23472, 23),
(335,224, 224, '2009-09-07', 'acquisizione', 46890, 24),
(336,224, 224, '2010-05-14', 'vendita', 46890, 24),
(337,225, 225, '2010-03-24', 'acquisizione', 68057, 25),
(338,225, 225, '2011-06-14', 'vendita', 68057, 25),
(339,226, 226, '2010-03-07', 'acquisizione', 57371, 26),
(340,227, 227, '2009-10-13', 'acquisizione', 35666, 27),
(341,227, 227, '2010-07-25', 'vendita', 35666, 27),
(342,228, 228, '2009-04-18', 'acquisizione', 10140, 28),
(343,228, 228, '2009-08-03', 'vendita', 10140, 28),
(344,229, 229, '2009-07-09', 'acquisizione', 75222, 29),
(345,229, 229, '2010-01-14', 'vendita', 75222, 29),
(346,230, 230, '2010-04-16', 'acquisizione', 24041, 30),
(347,231, 231, '2009-09-02', 'acquisizione', 26941, 31),
(348,231, 231, '2010-05-04', 'vendita', 26941, 31),
(349,232, 232, '2009-06-04', 'acquisizione', 34504, 32),
(350,232, 232, '2009-11-05', 'vendita', 34504, 32),
(351,233, 233, '2010-08-24', 'acquisizione', 39889, 33),
(352,234, 234, '2010-07-30', 'acquisizione', 11779, 34),
(353,234, 234, '2012-02-25', 'vendita', 11779, 34),
(354,235, 235, '2010-02-19', 'acquisizione', 69268, 35),
(355,236, 236, '2009-10-25', 'acquisizione', 59395, 36),
(356,236, 236, '2010-08-18', 'vendita', 59395, 36),
(357,237, 237, '2009-06-26', 'acquisizione', 44918, 37),
(358,237, 237, '2009-12-19', 'vendita', 44918, 37),
(359,238, 238, '2009-10-19', 'acquisizione', 34878, 38),
(360,238, 238, '2010-08-06', 'vendita', 34878, 38),
(361,239, 239, '2009-06-20', 'acquisizione', 13096, 39),
(362,239, 239, '2009-12-07', 'vendita', 13096, 39),
(363,240, 240, '2009-03-10', 'acquisizione', 14363, 40),
(364,241, 241, '2010-02-13', 'acquisizione', 69349, 41),
(365,242, 242, '2009-03-27', 'acquisizione', 71596, 42),
(366,242, 242, '2009-06-20', 'vendita', 71596, 42),
(367,243, 243, '2009-09-05', 'acquisizione', 60338, 43),
(368,243, 243, '2010-05-10', 'vendita', 60338, 43),
(369,244, 244, '2010-03-25', 'acquisizione', 65782, 44),
(370,245, 245, '2010-08-06', 'acquisizione', 49456, 45),
(371,245, 245, '2012-03-10', 'vendita', 49456, 45),
(372,246, 246, '2010-03-19', 'acquisizione', 59176, 46),
(373,247, 247, '2010-08-09', 'acquisizione', 22070, 47),
(374,248, 248, '2009-02-08', 'acquisizione', 33948, 48),
(375,248, 248, '2009-03-18', 'vendita', 33948, 48),
(376,249, 249, '2010-05-25', 'acquisizione', 71375, 49),
(377,250, 250, '2009-08-26', 'acquisizione', 66221, 0),
(378,251, 251, '2010-06-18', 'acquisizione', 49943, 1),
(379,251, 251, '2011-12-03', 'vendita', 49943, 1),
(380,252, 252, '2010-03-27', 'acquisizione', 34487, 2),
(381,252, 252, '2011-06-20', 'vendita', 34487, 2),
(382,253, 253, '2009-08-01', 'acquisizione', 11080, 3),
(383,254, 254, '2009-06-16', 'acquisizione', 48568, 4),
(384,255, 255, '2010-01-16', 'acquisizione', 44701, 5),
(385,256, 256, '2009-12-18', 'acquisizione', 10919, 6),
(386,256, 256, '2010-12-04', 'vendita', 10919, 6),
(387,257, 257, '2010-08-18', 'acquisizione', 54395, 7),
(388,257, 257, '2012-04-03', 'vendita', 54395, 7),
(389,258, 258, '2009-03-08', 'acquisizione', 66012, 8),
(390,259, 259, '2009-05-06', 'acquisizione', 45570, 9),
(391,259, 259, '2009-09-08', 'vendita', 45570, 9),
(392,260, 260, '2009-06-19', 'acquisizione', 58809, 10),
(393,260, 260, '2009-12-05', 'vendita', 58809, 10),
(394,261, 261, '2009-12-10', 'acquisizione', 55984, 11),
(395,262, 262, '2009-07-17', 'acquisizione', 24469, 12),
(396,262, 262, '2010-01-30', 'vendita', 24469, 12),
(397,263, 263, '2009-06-03', 'acquisizione', 13053, 13),
(398,264, 264, '2009-03-10', 'acquisizione', 19655, 14),
(399,265, 265, '2010-08-05', 'acquisizione', 55678, 15),
(400,265, 265, '2012-03-08', 'vendita', 55678, 15),
(401,266, 266, '2009-12-05', 'acquisizione', 39602, 16),
(402,266, 266, '2010-11-08', 'vendita', 39602, 16),
(403,267, 267, '2009-12-21', 'acquisizione', 60747, 17),
(404,267, 267, '2010-12-10', 'vendita', 60747, 17),
(405,268, 268, '2009-11-15', 'acquisizione', 39751, 18),
(406,268, 268, '2010-09-29', 'vendita', 39751, 18),
(407,269, 269, '2010-04-05', 'acquisizione', 31424, 19),
(408,269, 269, '2011-07-08', 'vendita', 31424, 19),
(409,270, 270, '2009-06-06', 'acquisizione', 49485, 20),
(410,270, 270, '2009-11-09', 'vendita', 49485, 20),
(411,271, 271, '2009-12-16', 'acquisizione', 27936, 21),
(412,272, 272, '2009-02-20', 'acquisizione', 20155, 22),
(413,273, 273, '2009-03-05', 'acquisizione', 43892, 23),
(414,274, 274, '2010-07-04', 'acquisizione', 13051, 24),
(415,275, 275, '2009-03-05', 'acquisizione', 25647, 25),
(416,275, 275, '2009-05-07', 'vendita', 25647, 25),
(417,276, 276, '2009-10-06', 'acquisizione', 70054, 26),
(418,276, 276, '2010-07-11', 'vendita', 70054, 26),
(419,277, 277, '2010-07-28', 'acquisizione', 78844, 27),
(420,278, 278, '2010-08-11', 'acquisizione', 57656, 28),
(421,279, 279, '2009-08-04', 'acquisizione', 28320, 29),
(422,279, 279, '2010-03-07', 'vendita', 28320, 29),
(423,280, 280, '2010-05-29', 'acquisizione', 36266, 30),
(424,281, 281, '2009-09-14', 'acquisizione', 76668, 31),
(425,281, 281, '2010-05-28', 'vendita', 76668, 31),
(426,282, 282, '2009-12-06', 'acquisizione', 23727, 32),
(427,282, 282, '2010-11-10', 'vendita', 23727, 32),
(428,283, 283, '2010-06-09', 'acquisizione', 61252, 33),
(429,284, 284, '2009-03-17', 'acquisizione', 44074, 34),
(430,285, 285, '2009-10-02', 'acquisizione', 73296, 35),
(431,285, 285, '2010-07-03', 'vendita', 73296, 35),
(432,286, 286, '2009-02-02', 'acquisizione', 68883, 36),
(433,286, 286, '2009-03-06', 'vendita', 68883, 36),
(434,287, 287, '2009-06-12', 'acquisizione', 51233, 37),
(435,287, 287, '2009-11-21', 'vendita', 51233, 37),
(436,288, 288, '2009-09-14', 'acquisizione', 28159, 38),
(437,289, 289, '2009-05-02', 'acquisizione', 35967, 39),
(438,289, 289, '2009-08-31', 'vendita', 35967, 39),
(439,290, 290, '2010-07-03', 'acquisizione', 48592, 40),
(440,290, 290, '2012-01-02', 'vendita', 48592, 40),
(441,291, 291, '2010-07-26', 'acquisizione', 56472, 41),
(442,292, 292, '2009-05-18', 'acquisizione', 75511, 42),
(443,292, 292, '2009-10-02', 'vendita', 75511, 42),
(444,293, 293, '2009-11-09', 'acquisizione', 16924, 43),
(445,293, 293, '2010-09-17', 'vendita', 16924, 43),
(446,294, 294, '2010-02-10', 'acquisizione', 14932, 44),
(447,294, 294, '2011-03-22', 'vendita', 14932, 44),
(448,295, 295, '2009-11-23', 'acquisizione', 77264, 45),
(449,295, 295, '2010-10-15', 'vendita', 77264, 45),
(450,296, 296, '2010-03-30', 'acquisizione', 58353, 46),
(451,296, 296, '2011-06-26', 'vendita', 58353, 46),
(452,297, 297, '2009-07-22', 'acquisizione', 63950, 47),
(453,297, 297, '2010-02-09', 'vendita', 63950, 47),
(454,298, 298, '2010-03-07', 'acquisizione', 35865, 48),
(455,299, 299, '2009-04-05', 'acquisizione', 27341, 49),
(456,299, 299, '2009-07-08', 'vendita', 27341, 49),
(457,300, 300, '2010-08-01', 'acquisizione', 52394, 0),
(458,300, 300, '2012-02-29', 'vendita', 52394, 0),
(459,301, 301, '2009-05-19', 'acquisizione', 11238, 1),
(460,302, 302, '2009-09-11', 'acquisizione', 15011, 2),
(461,303, 303, '2009-12-17', 'acquisizione', 71112, 3),
(462,303, 303, '2010-12-02', 'vendita', 71112, 3),
(463,304, 304, '2010-05-01', 'acquisizione', 68548, 4),
(464,304, 304, '2011-08-29', 'vendita', 68548, 4),
(465,305, 305, '2009-09-02', 'acquisizione', 76631, 5),
(466,306, 306, '2010-01-31', 'acquisizione', 22128, 6),
(467,306, 306, '2011-03-02', 'vendita', 22128, 6),
(468,307, 307, '2009-04-25', 'acquisizione', 77859, 7),
(469,307, 307, '2009-08-17', 'vendita', 77859, 7),
(470,308, 308, '2009-06-21', 'acquisizione', 27125, 8),
(471,308, 308, '2009-12-09', 'vendita', 27125, 8),
(472,309, 309, '2010-03-30', 'acquisizione', 72589, 9),
(473,310, 310, '2010-02-21', 'acquisizione', 73358, 10),
(474,310, 310, '2011-04-13', 'vendita', 73358, 10),
(475,311, 311, '2009-08-30', 'acquisizione', 40284, 11),
(476,312, 312, '2010-07-30', 'acquisizione', 27683, 12),
(477,313, 313, '2010-07-12', 'acquisizione', 12043, 13),
(478,314, 314, '2009-05-07', 'acquisizione', 64353, 14),
(479,314, 314, '2009-09-10', 'vendita', 64353, 14),
(480,315, 315, '2009-04-26', 'acquisizione', 18670, 15),
(481,315, 315, '2009-08-19', 'vendita', 18670, 15),
(482,316, 316, '2009-08-11', 'acquisizione', 10073, 16),
(483,316, 316, '2010-03-21', 'vendita', 10073, 16),
(484,317, 317, '2010-03-25', 'acquisizione', 45900, 17),
(485,317, 317, '2011-06-16', 'vendita', 45900, 17),
(486,318, 318, '2009-05-11', 'acquisizione', 59122, 18),
(487,318, 318, '2009-09-18', 'vendita', 59122, 18),
(488,319, 319, '2010-06-10', 'acquisizione', 43215, 19),
(489,320, 320, '2009-07-25', 'acquisizione', 61482, 20),
(490,320, 320, '2010-02-15', 'vendita', 61482, 20),
(491,321, 321, '2009-02-27', 'acquisizione', 15426, 21),
(492,322, 322, '2010-03-12', 'acquisizione', 22746, 22),
(493,322, 322, '2011-05-21', 'vendita', 22746, 22),
(494,323, 323, '2009-02-11', 'acquisizione', 15364, 23),
(495,323, 323, '2009-03-24', 'vendita', 15364, 23),
(496,324, 324, '2009-10-15', 'acquisizione', 55137, 24),
(497,324, 324, '2010-07-29', 'vendita', 55137, 24),
(498,325, 325, '2010-02-06', 'acquisizione', 26078, 25),
(499,326, 326, '2010-04-06', 'acquisizione', 20173, 26),
(500,327, 327, '2009-03-11', 'acquisizione', 26837, 27),
(501,327, 327, '2009-05-19', 'vendita', 26837, 27),
(502,328, 328, '2009-12-29', 'acquisizione', 10927, 28),
(503,329, 329, '2010-05-28', 'acquisizione', 44184, 29),
(504,329, 329, '2011-10-22', 'vendita', 44184, 29),
(505,330, 330, '2010-06-22', 'acquisizione', 58869, 30),
(506,331, 331, '2009-09-27', 'acquisizione', 46604, 31),
(507,332, 332, '2010-03-19', 'acquisizione', 14128, 32),
(508,332, 332, '2011-06-04', 'vendita', 14128, 32),
(509,333, 333, '2009-12-26', 'acquisizione', 54830, 33),
(510,334, 334, '2009-11-17', 'acquisizione', 24104, 34),
(511,334, 334, '2010-10-03', 'vendita', 24104, 34),
(512,335, 335, '2010-03-10', 'acquisizione', 45979, 35),
(513,335, 335, '2011-05-17', 'vendita', 45979, 35),
(514,336, 336, '2009-11-03', 'acquisizione', 39316, 36),
(515,336, 336, '2010-09-05', 'vendita', 39316, 36),
(516,337, 337, '2010-03-12', 'acquisizione', 24768, 37),
(517,338, 338, '2009-11-06', 'acquisizione', 14144, 38),
(518,339, 339, '2009-02-19', 'acquisizione', 62307, 39),
(519,340, 340, '2009-10-17', 'acquisizione', 42312, 40),
(520,340, 340, '2010-08-02', 'vendita', 42312, 40),
(521,341, 341, '2010-06-17', 'acquisizione', 15246, 41),
(522,342, 342, '2009-04-16', 'acquisizione', 69391, 42),
(523,343, 343, '2010-06-27', 'acquisizione', 63577, 43),
(524,344, 344, '2009-04-16', 'acquisizione', 51450, 44),
(525,344, 344, '2009-07-30', 'vendita', 51450, 44),
(526,345, 345, '2010-06-08', 'acquisizione', 48467, 45),
(527,345, 345, '2011-11-13', 'vendita', 48467, 45),
(528,346, 346, '2009-09-20', 'acquisizione', 22673, 46),
(529,347, 347, '2009-12-01', 'acquisizione', 10748, 47),
(530,348, 348, '2009-07-18', 'acquisizione', 66532, 48),
(531,349, 349, '2009-09-24', 'acquisizione', 39291, 49),
(532,349, 349, '2010-06-17', 'vendita', 39291, 49),
(533,350, 350, '2009-07-14', 'acquisizione', 65258, 0),
(534,351, 351, '2010-07-06', 'acquisizione', 33655, 1),
(535,351, 351, '2012-01-08', 'vendita', 33655, 1),
(536,352, 352, '2010-06-06', 'acquisizione', 33722, 2),
(537,352, 352, '2011-11-09', 'vendita', 33722, 2),
(538,353, 353, '2009-03-17', 'acquisizione', 42781, 3),
(539,353, 353, '2009-05-31', 'vendita', 42781, 3),
(540,354, 354, '2010-07-04', 'acquisizione', 21655, 4),
(541,354, 354, '2012-01-04', 'vendita', 21655, 4),
(542,355, 355, '2009-10-11', 'acquisizione', 27854, 5),
(543,356, 356, '2010-03-25', 'acquisizione', 43083, 6),
(544,356, 356, '2011-06-16', 'vendita', 43083, 6),
(545,357, 357, '2009-05-30', 'acquisizione', 72940, 7),
(546,357, 357, '2009-10-26', 'vendita', 72940, 7),
(547,358, 358, '2010-02-13', 'acquisizione', 40582, 8),
(548,359, 359, '2010-03-19', 'acquisizione', 15927, 9),
(549,360, 360, '2009-06-19', 'acquisizione', 38279, 10),
(550,361, 361, '2009-07-05', 'acquisizione', 68048, 11),
(551,362, 362, '2009-06-19', 'acquisizione', 34367, 12),
(552,363, 363, '2009-11-18', 'acquisizione', 25567, 13),
(553,363, 363, '2010-10-05', 'vendita', 25567, 13),
(554,364, 364, '2009-06-28', 'acquisizione', 41745, 14),
(555,365, 365, '2010-05-14', 'acquisizione', 41255, 15),
(556,366, 366, '2010-02-20', 'acquisizione', 21082, 16),
(557,366, 366, '2011-04-11', 'vendita', 21082, 16),
(558,367, 367, '2009-09-12', 'acquisizione', 78122, 17),
(559,367, 367, '2010-05-24', 'vendita', 78122, 17),
(560,368, 368, '2010-01-11', 'acquisizione', 18963, 18),
(561,369, 369, '2009-02-09', 'acquisizione', 41845, 19),
(562,369, 369, '2009-03-20', 'vendita', 41845, 19),
(563,370, 370, '2009-05-03', 'acquisizione', 60634, 20),
(564,370, 370, '2009-09-02', 'vendita', 60634, 20),
(565,371, 371, '2010-08-06', 'acquisizione', 42327, 21),
(566,371, 371, '2012-03-10', 'vendita', 42327, 21),
(567,372, 372, '2009-12-13', 'acquisizione', 73049, 22),
(568,373, 373, '2009-08-20', 'acquisizione', 39579, 23),
(569,373, 373, '2010-04-08', 'vendita', 39579, 23),
(570,374, 374, '2010-06-14', 'acquisizione', 38656, 24),
(571,375, 375, '2010-06-12', 'acquisizione', 62691, 25),
(572,376, 376, '2010-02-15', 'acquisizione', 79118, 26),
(573,376, 376, '2011-04-01', 'vendita', 79118, 26),
(574,377, 377, '2010-01-01', 'acquisizione', 26835, 27),
(575,377, 377, '2011-01-01', 'vendita', 26835, 27),
(576,378, 378, '2010-07-27', 'acquisizione', 23094, 28),
(577,379, 379, '2009-03-30', 'acquisizione', 16903, 29),
(578,380, 380, '2009-10-01', 'acquisizione', 13460, 30),
(579,380, 380, '2010-07-01', 'vendita', 13460, 30),
(580,381, 381, '2009-07-27', 'acquisizione', 44692, 31),
(581,381, 381, '2010-02-19', 'vendita', 44692, 31),
(582,382, 382, '2010-01-05', 'acquisizione', 71425, 32),
(583,382, 382, '2011-01-09', 'vendita', 71425, 32),
(584,383, 383, '2010-06-05', 'acquisizione', 69095, 33),
(585,383, 383, '2011-11-07', 'vendita', 69095, 33),
(586,384, 384, '2010-08-13', 'acquisizione', 75927, 34),
(587,385, 385, '2009-06-06', 'acquisizione', 40148, 35),
(588,386, 386, '2009-09-27', 'acquisizione', 42876, 36),
(589,387, 387, '2010-03-10', 'acquisizione', 33034, 37),
(590,388, 388, '2010-03-19', 'acquisizione', 70563, 38),
(591,388, 388, '2011-06-04', 'vendita', 70563, 38),
(592,389, 389, '2010-04-06', 'acquisizione', 29736, 39),
(593,389, 389, '2011-07-10', 'vendita', 29736, 39),
(594,390, 390, '2010-05-03', 'acquisizione', 64427, 40),
(595,391, 391, '2010-06-07', 'acquisizione', 22358, 41),
(596,392, 392, '2009-02-10', 'acquisizione', 31782, 42),
(597,393, 393, '2010-02-25', 'acquisizione', 71250, 43),
(598,394, 394, '2009-04-22', 'acquisizione', 78788, 44),
(599,394, 394, '2009-08-11', 'vendita', 78788, 44),
(600,395, 395, '2009-03-14', 'acquisizione', 34495, 45),
(601,395, 395, '2009-05-25', 'vendita', 34495, 45),
(602,396, 396, '2009-05-18', 'acquisizione', 68656, 46),
(603,397, 397, '2009-10-16', 'acquisizione', 78641, 47),
(604,398, 398, '2010-05-19', 'acquisizione', 40278, 48),
(605,399, 399, '2009-09-19', 'acquisizione', 24046, 49),
(606,400, 400, '2009-08-22', 'acquisizione', 21836, 0),
(607,400, 400, '2010-04-12', 'vendita', 21836, 0),
(608,401, 401, '2010-07-27', 'acquisizione', 25749, 1),
(609,401, 401, '2012-02-19', 'vendita', 25749, 1),
(610,402, 402, '2010-08-15', 'acquisizione', 66940, 2),
(611,403, 403, '2010-07-12', 'acquisizione', 57603, 3),
(612,403, 403, '2012-01-20', 'vendita', 57603, 3),
(613,404, 404, '2009-04-08', 'acquisizione', 57696, 4),
(614,405, 405, '2010-08-09', 'acquisizione', 67330, 5),
(615,406, 406, '2009-05-20', 'acquisizione', 23311, 6),
(616,406, 406, '2009-10-06', 'vendita', 23311, 6),
(617,407, 407, '2009-05-21', 'acquisizione', 32835, 7),
(618,407, 407, '2009-10-08', 'vendita', 32835, 7),
(619,408, 408, '2009-04-12', 'acquisizione', 71510, 8),
(620,408, 408, '2009-07-22', 'vendita', 71510, 8),
(621,409, 409, '2010-08-20', 'acquisizione', 60676, 9),
(622,410, 410, '2009-03-15', 'acquisizione', 62087, 10),
(623,411, 411, '2009-10-08', 'acquisizione', 76850, 11),
(624,412, 412, '2009-06-30', 'acquisizione', 46166, 12),
(625,412, 412, '2009-12-27', 'vendita', 46166, 12),
(626,413, 413, '2009-07-12', 'acquisizione', 31468, 13),
(627,414, 414, '2009-06-09', 'acquisizione', 70561, 14),
(628,415, 415, '2009-12-22', 'acquisizione', 50431, 15),
(629,416, 416, '2009-12-12', 'acquisizione', 68825, 16),
(630,416, 416, '2010-11-22', 'vendita', 68825, 16),
(631,417, 417, '2010-05-15', 'acquisizione', 20543, 17),
(632,418, 418, '2009-05-04', 'acquisizione', 47110, 18),
(633,419, 419, '2010-04-16', 'acquisizione', 52951, 19),
(634,420, 420, '2009-02-18', 'acquisizione', 79847, 20),
(635,421, 421, '2010-07-04', 'acquisizione', 37742, 21),
(636,422, 422, '2009-11-11', 'acquisizione', 24861, 22),
(637,423, 423, '2009-03-12', 'acquisizione', 49080, 23),
(638,423, 423, '2009-05-21', 'vendita', 49080, 23),
(639,424, 424, '2009-06-17', 'acquisizione', 42435, 24),
(640,424, 424, '2009-12-01', 'vendita', 42435, 24),
(641,425, 425, '2009-07-17', 'acquisizione', 56483, 25),
(642,425, 425, '2010-01-30', 'vendita', 56483, 25),
(643,426, 426, '2010-04-06', 'acquisizione', 12796, 26),
(644,427, 427, '2010-06-18', 'acquisizione', 11082, 27),
(645,428, 428, '2009-04-09', 'acquisizione', 61109, 28),
(646,429, 429, '2009-11-28', 'acquisizione', 24559, 29),
(647,429, 429, '2010-10-25', 'vendita', 24559, 29),
(648,430, 430, '2009-07-17', 'acquisizione', 19928, 30),
(649,430, 430, '2010-01-30', 'vendita', 19928, 30),
(650,431, 431, '2009-05-18', 'acquisizione', 65482, 31),
(651,432, 432, '2010-06-10', 'acquisizione', 57548, 32),
(652,433, 433, '2010-04-08', 'acquisizione', 23562, 33),
(653,434, 434, '2009-07-18', 'acquisizione', 57908, 34),
(654,434, 434, '2010-02-01', 'vendita', 57908, 34),
(655,435, 435, '2009-09-24', 'acquisizione', 40807, 35),
(656,436, 436, '2009-08-18', 'acquisizione', 41614, 36),
(657,436, 436, '2010-04-04', 'vendita', 41614, 36),
(658,437, 437, '2010-06-13', 'acquisizione', 32573, 37),
(659,437, 437, '2011-11-23', 'vendita', 32573, 37),
(660,438, 438, '2009-08-19', 'acquisizione', 50083, 38),
(661,439, 439, '2010-04-06', 'acquisizione', 68574, 39),
(662,440, 440, '2009-12-22', 'acquisizione', 70617, 40),
(663,440, 440, '2010-12-12', 'vendita', 70617, 40),
(664,441, 441, '2010-07-31', 'acquisizione', 15720, 41),
(665,441, 441, '2012-02-27', 'vendita', 15720, 41),
(666,442, 442, '2010-06-22', 'acquisizione', 46442, 42),
(667,443, 443, '2009-09-21', 'acquisizione', 75796, 43),
(668,444, 444, '2009-03-18', 'acquisizione', 41227, 44),
(669,444, 444, '2009-06-02', 'vendita', 41227, 44),
(670,445, 445, '2009-04-28', 'acquisizione', 41715, 45),
(671,445, 445, '2009-08-23', 'vendita', 41715, 45),
(672,446, 446, '2009-09-03', 'acquisizione', 23151, 46),
(673,446, 446, '2010-05-06', 'vendita', 23151, 46),
(674,447, 447, '2009-06-22', 'acquisizione', 78349, 47),
(675,447, 447, '2009-12-11', 'vendita', 78349, 47),
(676,448, 448, '2010-02-08', 'acquisizione', 18297, 48),
(677,449, 449, '2010-04-12', 'acquisizione', 20615, 49),
(678,450, 450, '2010-03-10', 'acquisizione', 53598, 0),
(679,450, 450, '2011-05-17', 'vendita', 53598, 0),
(680,451, 451, '2009-08-10', 'acquisizione', 60667, 1),
(681,451, 451, '2010-03-19', 'vendita', 60667, 1),
(682,452, 452, '2009-02-14', 'acquisizione', 16735, 2),
(683,453, 453, '2009-05-16', 'acquisizione', 45338, 3),
(684,453, 453, '2009-09-28', 'vendita', 45338, 3),
(685,454, 454, '2010-06-28', 'acquisizione', 41687, 4),
(686,455, 455, '2009-05-07', 'acquisizione', 43284, 5),
(687,456, 456, '2009-06-17', 'acquisizione', 29838, 6),
(688,456, 456, '2009-12-01', 'vendita', 29838, 6),
(689,457, 457, '2009-06-16', 'acquisizione', 39200, 7),
(690,458, 458, '2010-06-25', 'acquisizione', 23774, 8),
(691,458, 458, '2011-12-17', 'vendita', 23774, 8),
(692,459, 459, '2010-01-20', 'acquisizione', 11398, 9),
(693,459, 459, '2011-02-08', 'vendita', 11398, 9),
(694,460, 460, '2010-06-18', 'acquisizione', 50976, 10),
(695,460, 460, '2011-12-03', 'vendita', 50976, 10),
(696,461, 461, '2009-04-29', 'acquisizione', 72298, 11),
(697,462, 462, '2009-06-03', 'acquisizione', 71819, 12),
(698,463, 463, '2009-05-10', 'acquisizione', 42199, 13),
(699,463, 463, '2009-09-16', 'vendita', 42199, 13),
(700,464, 464, '2010-06-29', 'acquisizione', 63370, 14),
(701,465, 465, '2010-01-01', 'acquisizione', 40810, 15),
(702,466, 466, '2010-02-10', 'acquisizione', 13580, 16),
(703,467, 467, '2010-06-20', 'acquisizione', 64297, 17),
(704,467, 467, '2011-12-07', 'vendita', 64297, 17),
(705,468, 468, '2009-04-17', 'acquisizione', 50308, 18),
(706,468, 468, '2009-08-01', 'vendita', 50308, 18),
(707,469, 469, '2010-02-28', 'acquisizione', 51128, 19),
(708,470, 470, '2009-05-15', 'acquisizione', 58852, 20),
(709,471, 471, '2009-06-18', 'acquisizione', 26572, 21),
(710,471, 471, '2009-12-03', 'vendita', 26572, 21),
(711,472, 472, '2009-06-28', 'acquisizione', 35150, 22),
(712,473, 473, '2009-10-26', 'acquisizione', 76786, 23),
(713,474, 474, '2010-01-21', 'acquisizione', 57095, 24),
(714,474, 474, '2011-02-10', 'vendita', 57095, 24),
(715,475, 475, '2010-02-26', 'acquisizione', 70568, 25),
(716,476, 476, '2010-04-01', 'acquisizione', 29703, 26),
(717,476, 476, '2011-06-30', 'vendita', 29703, 26),
(718,477, 477, '2010-03-02', 'acquisizione', 50908, 27),
(719,478, 478, '2009-06-22', 'acquisizione', 60543, 28),
(720,478, 478, '2009-12-11', 'vendita', 60543, 28),
(721,479, 479, '2009-11-15', 'acquisizione', 70203, 29),
(722,479, 479, '2010-09-29', 'vendita', 70203, 29),
(723,480, 480, '2010-06-29', 'acquisizione', 18721, 30),
(724,481, 481, '2009-06-23', 'acquisizione', 17744, 31),
(725,481, 481, '2009-12-13', 'vendita', 17744, 31),
(726,482, 482, '2010-02-15', 'acquisizione', 11672, 32),
(727,483, 483, '2009-03-02', 'acquisizione', 76710, 33),
(728,484, 484, '2010-07-02', 'acquisizione', 12867, 34),
(729,485, 485, '2010-06-04', 'acquisizione', 10711, 35),
(730,485, 485, '2011-11-05', 'vendita', 10711, 35),
(731,486, 486, '2009-11-01', 'acquisizione', 69615, 36),
(732,486, 486, '2010-09-01', 'vendita', 69615, 36),
(733,487, 487, '2009-06-06', 'acquisizione', 17752, 37),
(734,487, 487, '2009-11-09', 'vendita', 17752, 37),
(735,488, 488, '2009-08-31', 'acquisizione', 60491, 38),
(736,489, 489, '2009-08-24', 'acquisizione', 72669, 39),
(737,489, 489, '2010-04-16', 'vendita', 72669, 39),
(738,490, 490, '2009-07-27', 'acquisizione', 38894, 40),
(739,491, 491, '2010-03-21', 'acquisizione', 38968, 41),
(740,492, 492, '2010-04-08', 'acquisizione', 76866, 42),
(741,493, 493, '2010-04-08', 'acquisizione', 14561, 43),
(742,493, 493, '2011-07-14', 'vendita', 14561, 43),
(743,494, 494, '2009-02-14', 'acquisizione', 53979, 44),
(744,495, 495, '2009-12-18', 'acquisizione', 78563, 45),
(745,496, 496, '2010-07-11', 'acquisizione', 46916, 46),
(746,497, 497, '2010-04-20', 'acquisizione', 78809, 47),
(747,498, 498, '2010-02-18', 'acquisizione', 65763, 48),
(748,499, 499, '2009-04-23', 'acquisizione', 55404, 49),
(749,499, 499, '2009-08-13', 'vendita', 55404, 49),
(750,500, 500, '2010-01-20', 'acquisizione', 26984, 0),
(751,501, 501, '2010-01-03', 'acquisizione', 61619, 1),
(752,502, 502, '2010-02-07', 'acquisizione', 31032, 2),
(753,503, 503, '2009-07-28', 'acquisizione', 72825, 3),
(754,504, 504, '2010-02-05', 'acquisizione', 70361, 4),
(755,505, 505, '2009-08-05', 'acquisizione', 23434, 5),
(756,505, 505, '2010-03-09', 'vendita', 23434, 5),
(757,506, 506, '2009-06-09', 'acquisizione', 62335, 6),
(758,507, 507, '2009-08-05', 'acquisizione', 59008, 7),
(759,508, 508, '2009-09-06', 'acquisizione', 63178, 8),
(760,508, 508, '2010-05-12', 'vendita', 63178, 8),
(761,509, 509, '2009-10-25', 'acquisizione', 13181, 9),
(762,510, 510, '2010-06-02', 'acquisizione', 21933, 10),
(763,511, 511, '2010-03-04', 'acquisizione', 65422, 11),
(764,512, 512, '2009-06-10', 'acquisizione', 40870, 12),
(765,513, 513, '2009-02-22', 'acquisizione', 61053, 13),
(766,513, 513, '2009-04-15', 'vendita', 61053, 13),
(767,514, 514, '2009-03-22', 'acquisizione', 32354, 14),
(768,515, 515, '2010-03-07', 'acquisizione', 75246, 15),
(769,516, 516, '2009-10-28', 'acquisizione', 73774, 16),
(770,516, 516, '2010-08-24', 'vendita', 73774, 16),
(771,517, 517, '2010-07-09', 'acquisizione', 54541, 17),
(772,518, 518, '2010-02-27', 'acquisizione', 33081, 18),
(773,519, 519, '2010-04-23', 'acquisizione', 40657, 19),
(774,520, 520, '2009-04-15', 'acquisizione', 29957, 20),
(775,521, 521, '2009-06-09', 'acquisizione', 70211, 21),
(776,522, 522, '2010-07-14', 'acquisizione', 16192, 22),
(777,523, 523, '2010-01-26', 'acquisizione', 45634, 23),
(778,523, 523, '2011-02-20', 'vendita', 45634, 23),
(779,524, 524, '2010-01-07', 'acquisizione', 23500, 24),
(780,524, 524, '2011-01-13', 'vendita', 23500, 24),
(781,525, 525, '2009-11-22', 'acquisizione', 25347, 25),
(782,525, 525, '2010-10-13', 'vendita', 25347, 25),
(783,526, 526, '2009-10-05', 'acquisizione', 75344, 26),
(784,527, 527, '2009-08-23', 'acquisizione', 18095, 27),
(785,527, 527, '2010-04-14', 'vendita', 18095, 27),
(786,528, 528, '2009-03-22', 'acquisizione', 24711, 28),
(787,528, 528, '2009-06-10', 'vendita', 24711, 28),
(788,529, 529, '2009-02-22', 'acquisizione', 69864, 29),
(789,530, 530, '2009-02-04', 'acquisizione', 18901, 30),
(790,530, 530, '2009-03-10', 'vendita', 18901, 30),
(791,531, 531, '2009-10-25', 'acquisizione', 61118, 31),
(792,532, 532, '2009-05-11', 'acquisizione', 60932, 32),
(793,532, 532, '2009-09-18', 'vendita', 60932, 32),
(794,533, 533, '2009-08-21', 'acquisizione', 49748, 33),
(795,533, 533, '2010-04-10', 'vendita', 49748, 33),
(796,534, 534, '2009-10-30', 'acquisizione', 48650, 34),
(797,535, 535, '2009-09-30', 'acquisizione', 53214, 35),
(798,535, 535, '2010-06-29', 'vendita', 53214, 35),
(799,536, 536, '2009-07-20', 'acquisizione', 77247, 36),
(800,537, 537, '2010-04-18', 'acquisizione', 55378, 37),
(801,538, 538, '2009-07-24', 'acquisizione', 59309, 38),
(802,539, 539, '2010-04-18', 'acquisizione', 56461, 39),
(803,540, 540, '2010-05-29', 'acquisizione', 22445, 40),
(804,541, 541, '2009-07-31', 'acquisizione', 32785, 41),
(805,541, 541, '2010-02-27', 'vendita', 32785, 41),
(806,542, 542, '2009-02-15', 'acquisizione', 19970, 42),
(807,542, 542, '2009-04-01', 'vendita', 19970, 42),
(808,543, 543, '2010-03-25', 'acquisizione', 44959, 43),
(809,543, 543, '2011-06-16', 'vendita', 44959, 43),
(810,544, 544, '2009-04-18', 'acquisizione', 71310, 44),
(811,545, 545, '2010-08-21', 'acquisizione', 26500, 45),
(812,545, 545, '2012-04-09', 'vendita', 26500, 45),
(813,546, 546, '2009-12-03', 'acquisizione', 26198, 46),
(814,547, 547, '2009-08-09', 'acquisizione', 29264, 47),
(815,548, 548, '2009-11-18', 'acquisizione', 43563, 48),
(816,549, 549, '2009-09-28', 'acquisizione', 74360, 49),
(817,550, 550, '2009-09-04', 'acquisizione', 12869, 0),
(818,551, 551, '2009-02-09', 'acquisizione', 38879, 1),
(819,552, 552, '2010-04-09', 'acquisizione', 15920, 2),
(820,553, 553, '2009-02-10', 'acquisizione', 16804, 3),
(821,553, 553, '2009-03-22', 'vendita', 16804, 3),
(822,554, 554, '2010-05-26', 'acquisizione', 27833, 4),
(823,555, 555, '2010-07-17', 'acquisizione', 31531, 5),
(824,555, 555, '2012-01-30', 'vendita', 31531, 5),
(825,556, 556, '2010-07-24', 'acquisizione', 20907, 6),
(826,556, 556, '2012-02-13', 'vendita', 20907, 6),
(827,557, 557, '2010-08-21', 'acquisizione', 64792, 7),
(828,557, 557, '2012-04-09', 'vendita', 64792, 7),
(829,558, 558, '2009-08-12', 'acquisizione', 41457, 8),
(830,558, 558, '2010-03-23', 'vendita', 41457, 8),
(831,559, 559, '2009-08-29', 'acquisizione', 40609, 9),
(832,560, 560, '2009-11-10', 'acquisizione', 27506, 10),
(833,560, 560, '2010-09-19', 'vendita', 27506, 10),
(834,561, 561, '2009-04-26', 'acquisizione', 61842, 11),
(835,561, 561, '2009-08-19', 'vendita', 61842, 11),
(836,562, 562, '2010-01-27', 'acquisizione', 72291, 12),
(837,562, 562, '2011-02-22', 'vendita', 72291, 12),
(838,563, 563, '2009-11-16', 'acquisizione', 57061, 13),
(839,564, 564, '2009-09-05', 'acquisizione', 65569, 14),
(840,564, 564, '2010-05-10', 'vendita', 65569, 14),
(841,565, 565, '2009-12-21', 'acquisizione', 47909, 15),
(842,566, 566, '2010-04-10', 'acquisizione', 70224, 16),
(843,566, 566, '2011-07-18', 'vendita', 70224, 16),
(844,567, 567, '2009-09-07', 'acquisizione', 39261, 17),
(845,568, 568, '2009-08-01', 'acquisizione', 17894, 18),
(846,569, 569, '2009-07-12', 'acquisizione', 25006, 19),
(847,569, 569, '2010-01-20', 'vendita', 25006, 19),
(848,570, 570, '2009-03-07', 'acquisizione', 28014, 20),
(849,571, 571, '2009-08-06', 'acquisizione', 35669, 21),
(850,572, 572, '2009-12-27', 'acquisizione', 78338, 22),
(851,572, 572, '2010-12-22', 'vendita', 78338, 22),
(852,573, 573, '2009-06-17', 'acquisizione', 41395, 23),
(853,573, 573, '2009-12-01', 'vendita', 41395, 23),
(854,574, 574, '2009-08-10', 'acquisizione', 62828, 24),
(855,575, 575, '2010-02-21', 'acquisizione', 33421, 25),
(856,575, 575, '2011-04-13', 'vendita', 33421, 25),
(857,576, 576, '2009-02-07', 'acquisizione', 77884, 26),
(858,577, 577, '2009-07-30', 'acquisizione', 41736, 27),
(859,577, 577, '2010-02-25', 'vendita', 41736, 27),
(860,578, 578, '2010-04-28', 'acquisizione', 27740, 28),
(861,579, 579, '2009-03-07', 'acquisizione', 35794, 29),
(862,579, 579, '2009-05-11', 'vendita', 35794, 29),
(863,580, 580, '2010-08-06', 'acquisizione', 12708, 30),
(864,580, 580, '2012-03-10', 'vendita', 12708, 30),
(865,581, 581, '2010-07-02', 'acquisizione', 48072, 31),
(866,582, 582, '2010-07-20', 'acquisizione', 37899, 32),
(867,583, 583, '2009-04-27', 'acquisizione', 64668, 33),
(868,583, 583, '2009-08-21', 'vendita', 64668, 33),
(869,584, 584, '2010-08-06', 'acquisizione', 49199, 34),
(870,585, 585, '2009-09-13', 'acquisizione', 65819, 35),
(871,585, 585, '2010-05-26', 'vendita', 65819, 35),
(872,586, 586, '2009-03-15', 'acquisizione', 34641, 36),
(873,587, 587, '2010-01-26', 'acquisizione', 60402, 37),
(874,587, 587, '2011-02-20', 'vendita', 60402, 37),
(875,588, 588, '2009-05-04', 'acquisizione', 50121, 38),
(876,588, 588, '2009-09-04', 'vendita', 50121, 38),
(877,589, 589, '2010-08-01', 'acquisizione', 74319, 39),
(878,589, 589, '2012-02-29', 'vendita', 74319, 39),
(879,590, 590, '2009-11-01', 'acquisizione', 70158, 40),
(880,590, 590, '2010-09-01', 'vendita', 70158, 40),
(881,591, 591, '2010-07-14', 'acquisizione', 54399, 41),
(882,591, 591, '2012-01-24', 'vendita', 54399, 41),
(883,592, 592, '2009-05-11', 'acquisizione', 19307, 42),
(884,592, 592, '2009-09-18', 'vendita', 19307, 42),
(885,593, 593, '2010-03-15', 'acquisizione', 73013, 43),
(886,594, 594, '2009-08-14', 'acquisizione', 37450, 44),
(887,595, 595, '2010-02-06', 'acquisizione', 33172, 45),
(888,596, 596, '2009-10-04', 'acquisizione', 69486, 46),
(889,596, 596, '2010-07-07', 'vendita', 69486, 46),
(890,597, 597, '2009-07-14', 'acquisizione', 16547, 47),
(891,597, 597, '2010-01-24', 'vendita', 16547, 47),
(892,598, 598, '2010-03-20', 'acquisizione', 33054, 48),
(893,598, 598, '2011-06-06', 'vendita', 33054, 48),
(894,599, 599, '2009-03-08', 'acquisizione', 74822, 49),
(895,599, 599, '2009-05-13', 'vendita', 74822, 49),
(896,1, 600, '2010-02-24', 'acquisizione', 76676, 0),
(897,1, 601, '2010-04-29', 'acquisizione', 14309, 1),
(898,2, 602, '2010-02-01', 'acquisizione', 15396, 2),
(899,2, 602, '2011-03-04', 'vendita', 15396, 2),
(900,3, 603, '2010-08-19', 'acquisizione', 75759, 3),
(901,4, 604, '2009-05-12', 'acquisizione', 70708, 4),
(902,4, 604, '2009-09-20', 'vendita', 70708, 4),
(903,5, 605, '2009-11-01', 'acquisizione', 26378, 5),
(904,5, 605, '2010-09-01', 'vendita', 26378, 5),
(905,6, 606, '2009-08-12', 'acquisizione', 73650, 6),
(906,6, 606, '2010-03-23', 'vendita', 73650, 6),
(907,7, 607, '2010-06-20', 'acquisizione', 59675, 7),
(908,7, 607, '2011-12-07', 'vendita', 59675, 7),
(909,8, 608, '2009-05-23', 'acquisizione', 10724, 8),
(910,8, 608, '2009-10-12', 'vendita', 10724, 8),
(911,9, 609, '2009-02-21', 'acquisizione', 19131, 9),
(912,9, 609, '2009-04-13', 'vendita', 19131, 9),
(913,10, 610, '2009-03-17', 'acquisizione', 47486, 10),
(914,10, 610, '2009-05-31', 'vendita', 47486, 10),
(915,11, 611, '2010-04-21', 'acquisizione', 10915, 11),
(916,11, 611, '2011-08-09', 'vendita', 10915, 11),
(917,12, 612, '2010-05-07', 'acquisizione', 66212, 12),
(918,12, 612, '2011-09-10', 'vendita', 66212, 12),
(919,13, 613, '2010-06-12', 'acquisizione', 15479, 13),
(920,13, 613, '2011-11-21', 'vendita', 15479, 13),
(921,14, 614, '2009-07-29', 'acquisizione', 67636, 14),
(922,15, 615, '2009-05-27', 'acquisizione', 73893, 15),
(923,15, 615, '2009-10-20', 'vendita', 73893, 15),
(924,16, 616, '2010-01-30', 'acquisizione', 31691, 16),
(925,16, 616, '2011-02-28', 'vendita', 31691, 16),
(926,17, 617, '2009-07-10', 'acquisizione', 67850, 17),
(927,17, 617, '2010-01-16', 'vendita', 67850, 17),
(928,18, 618, '2009-07-01', 'acquisizione', 64832, 18),
(929,18, 618, '2009-12-29', 'vendita', 64832, 18),
(930,19, 619, '2010-06-20', 'acquisizione', 29401, 19),
(931,20, 620, '2009-08-02', 'acquisizione', 17700, 20),
(932,20, 620, '2010-03-03', 'vendita', 17700, 20),
(933,21, 621, '2009-12-09', 'acquisizione', 58867, 21),
(934,21, 621, '2010-11-16', 'vendita', 58867, 21),
(935,22, 622, '2009-04-15', 'acquisizione', 29899, 22),
(936,22, 622, '2009-07-28', 'vendita', 29899, 22),
(937,23, 623, '2009-06-24', 'acquisizione', 49809, 23),
(938,24, 624, '2010-03-28', 'acquisizione', 28277, 24),
(939,25, 625, '2009-12-04', 'acquisizione', 64154, 25),
(940,26, 626, '2010-06-02', 'acquisizione', 66460, 26),
(941,26, 626, '2011-11-01', 'vendita', 66460, 26),
(942,27, 627, '2010-03-23', 'acquisizione', 18407, 27),
(943,28, 628, '2010-01-26', 'acquisizione', 50104, 28),
(944,28, 628, '2011-02-20', 'vendita', 50104, 28),
(945,29, 629, '2009-04-04', 'acquisizione', 73025, 29),
(946,29, 629, '2009-07-06', 'vendita', 73025, 29),
(947,30, 630, '2010-07-24', 'acquisizione', 46697, 30),
(948,30, 630, '2012-02-13', 'vendita', 46697, 30),
(949,31, 631, '2010-02-05', 'acquisizione', 50806, 31),
(950,32, 632, '2009-04-05', 'acquisizione', 75847, 32),
(951,33, 633, '2010-07-14', 'acquisizione', 42216, 33),
(952,34, 634, '2010-03-09', 'acquisizione', 62745, 34),
(953,35, 635, '2009-09-25', 'acquisizione', 25910, 35),
(954,36, 636, '2009-05-11', 'acquisizione', 76069, 36),
(955,37, 637, '2009-11-08', 'acquisizione', 43860, 37),
(956,38, 638, '2009-02-17', 'acquisizione', 72957, 38),
(957,38, 638, '2009-04-05', 'vendita', 72957, 38),
(958,39, 639, '2009-11-26', 'acquisizione', 40076, 39),
(959,39, 639, '2010-10-21', 'vendita', 40076, 39),
(960,40, 640, '2009-03-09', 'acquisizione', 16240, 40),
(961,40, 640, '2009-05-15', 'vendita', 16240, 40),
(962,41, 641, '2009-11-20', 'acquisizione', 41911, 41),
(963,41, 641, '2010-10-09', 'vendita', 41911, 41),
(964,42, 642, '2010-08-24', 'acquisizione', 43418, 42),
(965,42, 642, '2012-04-15', 'vendita', 43418, 42),
(966,43, 643, '2009-06-15', 'acquisizione', 62275, 43),
(967,43, 643, '2009-11-27', 'vendita', 62275, 43),
(968,44, 644, '2009-07-12', 'acquisizione', 66735, 44),
(969,45, 645, '2009-03-28', 'acquisizione', 27477, 45),
(970,45, 645, '2009-06-22', 'vendita', 27477, 45),
(971,46, 646, '2009-04-19', 'acquisizione', 39952, 46),
(972,46, 646, '2009-08-05', 'vendita', 39952, 46),
(973,47, 647, '2009-08-03', 'acquisizione', 62903, 47),
(974,48, 648, '2009-09-26', 'acquisizione', 51825, 48),
(975,49, 649, '2010-07-27', 'acquisizione', 38991, 49),
(976,49, 649, '2012-02-19', 'vendita', 38991, 49),
(977,50, 650, '2009-12-22', 'acquisizione', 51795, 0),
(978,51, 651, '2010-02-13', 'acquisizione', 27605, 1),
(979,51, 651, '2011-03-28', 'vendita', 27605, 1),
(980,52, 652, '2010-07-19', 'acquisizione', 67064, 2),
(981,52, 652, '2012-02-03', 'vendita', 67064, 2),
(982,53, 653, '2009-05-20', 'acquisizione', 72202, 3),
(983,54, 654, '2009-08-28', 'acquisizione', 33595, 4),
(984,54, 654, '2010-04-24', 'vendita', 33595, 4),
(985,55, 655, '2009-04-15', 'acquisizione', 18531, 5),
(986,55, 655, '2009-07-28', 'vendita', 18531, 5),
(987,56, 656, '2010-03-30', 'acquisizione', 69619, 6),
(988,56, 656, '2011-06-26', 'vendita', 69619, 6),
(989,57, 657, '2009-08-11', 'acquisizione', 51187, 7),
(990,57, 657, '2010-03-21', 'vendita', 51187, 7),
(991,58, 658, '2009-07-03', 'acquisizione', 52874, 8),
(992,59, 659, '2009-04-30', 'acquisizione', 43613, 9),
(993,59, 659, '2009-08-27', 'vendita', 43613, 9),
(994,60, 660, '2010-05-01', 'acquisizione', 39577, 10),
(995,60, 660, '2011-08-29', 'vendita', 39577, 10),
(996,61, 661, '2009-06-11', 'acquisizione', 38497, 11),
(997,62, 662, '2010-04-10', 'acquisizione', 67359, 12),
(998,63, 663, '2010-06-10', 'acquisizione', 49866, 13),
(999,64, 664, '2009-03-21', 'acquisizione', 46021, 14),
(1000,65, 665, '2010-04-13', 'acquisizione', 16707, 15),
(1001,66, 666, '2009-02-27', 'acquisizione', 36157, 16),
(1002,67, 667, '2010-04-08', 'acquisizione', 28028, 17),
(1003,68, 668, '2009-08-15', 'acquisizione', 36929, 18),
(1004,69, 669, '2010-01-08', 'acquisizione', 24086, 19),
(1005,70, 670, '2009-05-30', 'acquisizione', 31002, 20),
(1006,71, 671, '2009-12-25', 'acquisizione', 77580, 21),
(1007,72, 672, '2009-03-12', 'acquisizione', 34772, 22),
(1008,72, 672, '2009-05-21', 'vendita', 34772, 22),
(1009,73, 673, '2010-05-27', 'acquisizione', 69948, 23),
(1010,74, 674, '2009-05-15', 'acquisizione', 12692, 24),
(1011,75, 675, '2009-06-05', 'acquisizione', 32643, 25),
(1012,75, 675, '2009-11-07', 'vendita', 32643, 25),
(1013,76, 676, '2009-12-24', 'acquisizione', 28972, 26),
(1014,77, 677, '2009-10-04', 'acquisizione', 29805, 27),
(1015,77, 677, '2010-07-07', 'vendita', 29805, 27),
(1016,78, 678, '2009-02-16', 'acquisizione', 47075, 28),
(1017,79, 679, '2010-06-29', 'acquisizione', 73956, 29),
(1018,80, 680, '2009-07-23', 'acquisizione', 66390, 30),
(1019,81, 681, '2009-04-09', 'acquisizione', 51361, 31),
(1020,82, 682, '2009-12-29', 'acquisizione', 55806, 32),
(1021,82, 682, '2010-12-26', 'vendita', 55806, 32),
(1022,83, 683, '2010-08-10', 'acquisizione', 31412, 33),
(1023,83, 683, '2012-03-18', 'vendita', 31412, 33),
(1024,84, 684, '2010-03-08', 'acquisizione', 69988, 34),
(1025,84, 684, '2011-05-13', 'vendita', 69988, 34),
(1026,85, 685, '2009-05-05', 'acquisizione', 23646, 35),
(1027,85, 685, '2009-09-06', 'vendita', 23646, 35),
(1028,86, 686, '2009-09-14', 'acquisizione', 27912, 36),
(1029,86, 686, '2010-05-28', 'vendita', 27912, 36),
(1030,87, 687, '2009-05-04', 'acquisizione', 73007, 37),
(1031,87, 687, '2009-09-04', 'vendita', 73007, 37),
(1032,88, 688, '2010-03-24', 'acquisizione', 46582, 38),
(1033,88, 688, '2011-06-14', 'vendita', 46582, 38),
(1034,89, 689, '2010-05-23', 'acquisizione', 21686, 39),
(1035,89, 689, '2011-10-12', 'vendita', 21686, 39),
(1036,90, 690, '2009-04-24', 'acquisizione', 50397, 40),
(1037,91, 691, '2010-02-16', 'acquisizione', 63605, 41),
(1038,91, 691, '2011-04-03', 'vendita', 63605, 41),
(1039,92, 692, '2009-08-21', 'acquisizione', 33589, 42),
(1040,93, 693, '2010-03-28', 'acquisizione', 75002, 43),
(1041,93, 693, '2011-06-22', 'vendita', 75002, 43),
(1042,94, 694, '2010-03-02', 'acquisizione', 60430, 44),
(1043,95, 695, '2009-09-28', 'acquisizione', 28060, 45),
(1044,96, 696, '2009-09-07', 'acquisizione', 14188, 46),
(1045,97, 697, '2010-08-06', 'acquisizione', 36732, 47),
(1046,98, 698, '2009-06-14', 'acquisizione', 35954, 48),
(1047,98, 698, '2009-11-25', 'vendita', 35954, 48),
(1048,99, 699, '2009-07-10', 'acquisizione', 40638, 49),
(1049,100, 700, '2009-07-24', 'acquisizione', 41035, 0),
(1050,101, 701, '2009-07-28', 'acquisizione', 38407, 1),
(1051,102, 702, '2010-02-21', 'acquisizione', 68422, 2),
(1052,103, 703, '2010-02-26', 'acquisizione', 16477, 3),
(1053,104, 704, '2009-09-18', 'acquisizione', 13488, 4),
(1054,104, 704, '2010-06-05', 'vendita', 13488, 4),
(1055,105, 705, '2009-05-21', 'acquisizione', 67001, 5),
(1056,105, 705, '2009-10-08', 'vendita', 67001, 5),
(1057,106, 706, '2009-08-08', 'acquisizione', 17295, 6),
(1058,106, 706, '2010-03-15', 'vendita', 17295, 6),
(1059,107, 707, '2010-03-05', 'acquisizione', 53977, 7),
(1060,107, 707, '2011-05-07', 'vendita', 53977, 7),
(1061,108, 708, '2010-06-23', 'acquisizione', 54826, 8),
(1062,108, 708, '2011-12-13', 'vendita', 54826, 8),
(1063,109, 709, '2009-12-01', 'acquisizione', 64363, 9),
(1064,109, 709, '2010-10-31', 'vendita', 64363, 9),
(1065,110, 710, '2009-07-29', 'acquisizione', 60816, 10),
(1066,111, 711, '2009-12-06', 'acquisizione', 47690, 11),
(1067,111, 711, '2010-11-10', 'vendita', 47690, 11),
(1068,112, 712, '2010-05-27', 'acquisizione', 25274, 12),
(1069,113, 713, '2010-04-13', 'acquisizione', 25552, 13),
(1070,114, 714, '2010-03-07', 'acquisizione', 72388, 14),
(1071,114, 714, '2011-05-11', 'vendita', 72388, 14),
(1072,115, 715, '2010-04-24', 'acquisizione', 40081, 15),
(1073,116, 716, '2010-01-04', 'acquisizione', 35147, 16),
(1074,117, 717, '2009-06-03', 'acquisizione', 71245, 17),
(1075,118, 718, '2010-07-14', 'acquisizione', 10962, 18),
(1076,119, 719, '2009-08-24', 'acquisizione', 30770, 19),
(1077,120, 720, '2010-03-26', 'acquisizione', 74886, 20),
(1078,120, 720, '2011-06-18', 'vendita', 74886, 20),
(1079,121, 721, '2009-11-07', 'acquisizione', 25780, 21),
(1080,121, 721, '2010-09-13', 'vendita', 25780, 21),
(1081,122, 722, '2010-07-24', 'acquisizione', 36849, 22),
(1082,122, 722, '2012-02-13', 'vendita', 36849, 22),
(1083,123, 723, '2009-06-18', 'acquisizione', 48232, 23),
(1084,123, 723, '2009-12-03', 'vendita', 48232, 23),
(1085,124, 724, '2010-08-05', 'acquisizione', 75205, 24),
(1086,125, 725, '2010-03-04', 'acquisizione', 17791, 25),
(1087,125, 725, '2011-05-05', 'vendita', 17791, 25),
(1088,126, 726, '2009-04-08', 'acquisizione', 79479, 26),
(1089,127, 727, '2009-02-11', 'acquisizione', 65090, 27),
(1090,127, 727, '2009-03-24', 'vendita', 65090, 27),
(1091,128, 728, '2009-05-11', 'acquisizione', 75047, 28),
(1092,128, 728, '2009-09-18', 'vendita', 75047, 28),
(1093,129, 729, '2010-06-25', 'acquisizione', 70469, 29),
(1094,130, 730, '2010-08-19', 'acquisizione', 22552, 30),
(1095,130, 730, '2012-04-05', 'vendita', 22552, 30),
(1096,131, 731, '2009-12-30', 'acquisizione', 58400, 31),
(1097,132, 732, '2009-04-08', 'acquisizione', 13188, 32),
(1098,133, 733, '2010-06-10', 'acquisizione', 63532, 33),
(1099,133, 733, '2011-11-17', 'vendita', 63532, 33),
(1100,134, 734, '2009-06-21', 'acquisizione', 60837, 34),
(1101,134, 734, '2009-12-09', 'vendita', 60837, 34),
(1102,135, 735, '2009-12-02', 'acquisizione', 64972, 35),
(1103,136, 736, '2009-11-27', 'acquisizione', 58841, 36),
(1104,136, 736, '2010-10-23', 'vendita', 58841, 36),
(1105,137, 737, '2010-02-21', 'acquisizione', 36464, 37),
(1106,138, 738, '2010-02-11', 'acquisizione', 33969, 38),
(1107,138, 738, '2011-03-24', 'vendita', 33969, 38),
(1108,139, 739, '2010-08-15', 'acquisizione', 22928, 39),
(1109,140, 740, '2009-10-05', 'acquisizione', 11692, 40),
(1110,140, 740, '2010-07-09', 'vendita', 11692, 40),
(1111,141, 741, '2009-10-15', 'acquisizione', 59804, 41),
(1112,141, 741, '2010-07-29', 'vendita', 59804, 41),
(1113,142, 742, '2010-02-20', 'acquisizione', 17581, 42),
(1114,142, 742, '2011-04-11', 'vendita', 17581, 42),
(1115,143, 743, '2010-03-06', 'acquisizione', 67446, 43),
(1116,144, 744, '2010-04-09', 'acquisizione', 67029, 44),
(1117,144, 744, '2011-07-16', 'vendita', 67029, 44),
(1118,145, 745, '2009-11-19', 'acquisizione', 52031, 45),
(1119,145, 745, '2010-10-07', 'vendita', 52031, 45),
(1120,146, 746, '2010-01-07', 'acquisizione', 20534, 46),
(1121,146, 746, '2011-01-13', 'vendita', 20534, 46),
(1122,147, 747, '2009-12-26', 'acquisizione', 28019, 47),
(1123,147, 747, '2010-12-20', 'vendita', 28019, 47),
(1124,148, 748, '2009-07-12', 'acquisizione', 79294, 48),
(1125,149, 749, '2009-07-11', 'acquisizione', 16057, 49),
(1126,150, 750, '2010-05-23', 'acquisizione', 77367, 0),
(1127,151, 751, '2010-02-06', 'acquisizione', 23645, 1),
(1128,151, 751, '2011-03-14', 'vendita', 23645, 1),
(1129,152, 752, '2010-04-05', 'acquisizione', 23415, 2),
(1130,153, 753, '2010-02-09', 'acquisizione', 23106, 3),
(1131,154, 754, '2009-05-14', 'acquisizione', 66899, 4),
(1132,155, 755, '2009-12-14', 'acquisizione', 63746, 5),
(1133,156, 756, '2010-08-04', 'acquisizione', 67126, 6),
(1134,156, 756, '2012-03-06', 'vendita', 67126, 6),
(1135,157, 757, '2010-06-11', 'acquisizione', 76962, 7),
(1136,157, 757, '2011-11-19', 'vendita', 76962, 7),
(1137,158, 758, '2009-05-11', 'acquisizione', 64835, 8),
(1138,159, 759, '2009-05-27', 'acquisizione', 69731, 9),
(1139,160, 760, '2009-08-18', 'acquisizione', 61476, 10),
(1140,161, 761, '2010-03-08', 'acquisizione', 53050, 11),
(1141,162, 762, '2009-10-11', 'acquisizione', 65489, 12),
(1142,163, 763, '2010-04-12', 'acquisizione', 74408, 13),
(1143,163, 763, '2011-07-22', 'vendita', 74408, 13),
(1144,164, 764, '2010-08-18', 'acquisizione', 67866, 14),
(1145,165, 765, '2009-10-27', 'acquisizione', 62437, 15),
(1146,166, 766, '2010-02-16', 'acquisizione', 24801, 16),
(1147,167, 767, '2009-06-13', 'acquisizione', 42619, 17),
(1148,167, 767, '2009-11-23', 'vendita', 42619, 17),
(1149,168, 768, '2010-07-10', 'acquisizione', 37701, 18),
(1150,169, 769, '2010-05-16', 'acquisizione', 15182, 19),
(1151,170, 770, '2009-10-03', 'acquisizione', 57710, 20),
(1152,171, 771, '2009-04-08', 'acquisizione', 65937, 21),
(1153,171, 771, '2009-07-14', 'vendita', 65937, 21),
(1154,172, 772, '2009-04-27', 'acquisizione', 69191, 22),
(1155,173, 773, '2010-06-07', 'acquisizione', 57790, 23),
(1156,174, 774, '2010-02-13', 'acquisizione', 54444, 24),
(1157,174, 774, '2011-03-28', 'vendita', 54444, 24),
(1158,175, 775, '2009-05-12', 'acquisizione', 33981, 25),
(1159,175, 775, '2009-09-20', 'vendita', 33981, 25),
(1160,176, 776, '2009-10-31', 'acquisizione', 36368, 26),
(1161,176, 776, '2010-08-30', 'vendita', 36368, 26),
(1162,177, 777, '2009-03-01', 'acquisizione', 79729, 27),
(1163,178, 778, '2009-03-21', 'acquisizione', 75180, 28),
(1164,179, 779, '2009-08-28', 'acquisizione', 28032, 29),
(1165,180, 780, '2010-06-14', 'acquisizione', 15977, 30),
(1166,181, 781, '2010-06-09', 'acquisizione', 27788, 31),
(1167,182, 782, '2010-08-13', 'acquisizione', 56216, 32),
(1168,182, 782, '2012-03-24', 'vendita', 56216, 32),
(1169,183, 783, '2010-07-01', 'acquisizione', 10621, 33),
(1170,183, 783, '2011-12-29', 'vendita', 10621, 33),
(1171,184, 784, '2009-04-09', 'acquisizione', 26013, 34),
(1172,184, 784, '2009-07-16', 'vendita', 26013, 34),
(1173,185, 785, '2010-03-07', 'acquisizione', 34145, 35),
(1174,186, 786, '2009-03-16', 'acquisizione', 36797, 36),
(1175,186, 786, '2009-05-29', 'vendita', 36797, 36),
(1176,187, 787, '2010-02-19', 'acquisizione', 29892, 37),
(1177,187, 787, '2011-04-09', 'vendita', 29892, 37),
(1178,188, 788, '2010-06-13', 'acquisizione', 54678, 38),
(1179,189, 789, '2009-06-19', 'acquisizione', 15282, 39),
(1180,189, 789, '2009-12-05', 'vendita', 15282, 39),
(1181,190, 790, '2009-05-21', 'acquisizione', 31549, 40),
(1182,191, 791, '2010-08-20', 'acquisizione', 59884, 41),
(1183,192, 792, '2009-02-15', 'acquisizione', 16201, 42),
(1184,192, 792, '2009-04-01', 'vendita', 16201, 42),
(1185,193, 793, '2010-01-11', 'acquisizione', 10773, 43),
(1186,193, 793, '2011-01-21', 'vendita', 10773, 43),
(1187,194, 794, '2010-04-25', 'acquisizione', 76579, 44),
(1188,195, 795, '2010-03-23', 'acquisizione', 52653, 45),
(1189,195, 795, '2011-06-12', 'vendita', 52653, 45),
(1190,196, 796, '2009-06-11', 'acquisizione', 71614, 46),
(1191,196, 796, '2009-11-19', 'vendita', 71614, 46),
(1192,197, 797, '2010-01-01', 'acquisizione', 66254, 47),
(1193,197, 797, '2011-01-01', 'vendita', 66254, 47),
(1194,198, 798, '2009-09-24', 'acquisizione', 49327, 48),
(1195,199, 799, '2010-08-19', 'acquisizione', 46014, 49),
(1196,200, 800, '2009-09-26', 'acquisizione', 50806, 0),
(1197,200, 800, '2010-06-21', 'vendita', 50806, 0),
(1198,201, 801, '2009-10-18', 'acquisizione', 74343, 1),
(1199,202, 802, '2010-07-03', 'acquisizione', 32900, 2),
(1200,202, 802, '2012-01-02', 'vendita', 32900, 2),
(1201,203, 803, '2010-03-26', 'acquisizione', 66398, 3),
(1202,203, 803, '2011-06-18', 'vendita', 66398, 3),
(1203,204, 804, '2010-04-20', 'acquisizione', 69897, 4),
(1204,205, 805, '2009-10-12', 'acquisizione', 54006, 5),
(1205,206, 806, '2010-05-13', 'acquisizione', 53149, 6),
(1206,207, 807, '2009-11-14', 'acquisizione', 72172, 7),
(1207,208, 808, '2010-07-24', 'acquisizione', 49322, 8),
(1208,208, 808, '2012-02-13', 'vendita', 49322, 8),
(1209,209, 809, '2010-08-21', 'acquisizione', 61021, 9),
(1210,209, 809, '2012-04-09', 'vendita', 61021, 9),
(1211,210, 810, '2009-04-10', 'acquisizione', 70272, 10),
(1212,210, 810, '2009-07-18', 'vendita', 70272, 10),
(1213,211, 811, '2010-01-26', 'acquisizione', 42286, 11),
(1214,211, 811, '2011-02-20', 'vendita', 42286, 11),
(1215,212, 812, '2009-10-26', 'acquisizione', 52129, 12),
(1216,212, 812, '2010-08-20', 'vendita', 52129, 12),
(1217,213, 813, '2010-01-24', 'acquisizione', 42880, 13),
(1218,214, 814, '2010-01-10', 'acquisizione', 17264, 14),
(1219,214, 814, '2011-01-19', 'vendita', 17264, 14),
(1220,215, 815, '2009-10-31', 'acquisizione', 51566, 15),
(1221,215, 815, '2010-08-30', 'vendita', 51566, 15),
(1222,216, 816, '2009-05-25', 'acquisizione', 21636, 16),
(1223,217, 817, '2010-04-13', 'acquisizione', 74818, 17),
(1224,217, 817, '2011-07-24', 'vendita', 74818, 17),
(1225,218, 818, '2009-06-04', 'acquisizione', 26880, 18),
(1226,219, 819, '2010-06-20', 'acquisizione', 79533, 19),
(1227,219, 819, '2011-12-07', 'vendita', 79533, 19),
(1228,220, 820, '2009-10-20', 'acquisizione', 36662, 20),
(1229,221, 821, '2009-02-24', 'acquisizione', 45160, 21),
(1230,221, 821, '2009-04-19', 'vendita', 45160, 21),
(1231,222, 822, '2009-03-17', 'acquisizione', 27443, 22),
(1232,223, 823, '2010-06-05', 'acquisizione', 73815, 23),
(1233,223, 823, '2011-11-07', 'vendita', 73815, 23),
(1234,224, 824, '2009-02-27', 'acquisizione', 27879, 24),
(1235,225, 825, '2009-02-12', 'acquisizione', 26269, 25),
(1236,225, 825, '2009-03-26', 'vendita', 26269, 25),
(1237,226, 826, '2009-10-27', 'acquisizione', 61146, 26),
(1238,226, 826, '2010-08-22', 'vendita', 61146, 26),
(1239,227, 827, '2009-04-11', 'acquisizione', 25160, 27),
(1240,228, 828, '2010-03-05', 'acquisizione', 76733, 28),
(1241,228, 828, '2011-05-07', 'vendita', 76733, 28),
(1242,229, 829, '2009-10-13', 'acquisizione', 10660, 29),
(1243,230, 830, '2009-08-09', 'acquisizione', 39358, 30),
(1244,231, 831, '2009-05-09', 'acquisizione', 27402, 31),
(1245,232, 832, '2010-01-03', 'acquisizione', 45697, 32),
(1246,232, 832, '2011-01-05', 'vendita', 45697, 32),
(1247,233, 833, '2009-02-01', 'acquisizione', 18070, 33),
(1248,233, 833, '2009-03-04', 'vendita', 18070, 33),
(1249,234, 834, '2010-04-12', 'acquisizione', 79826, 34),
(1250,235, 835, '2010-05-16', 'acquisizione', 32099, 35),
(1251,236, 836, '2010-03-11', 'acquisizione', 56599, 36),
(1252,236, 836, '2011-05-19', 'vendita', 56599, 36),
(1253,237, 837, '2009-11-03', 'acquisizione', 34564, 37),
(1254,238, 838, '2009-12-08', 'acquisizione', 41050, 38),
(1255,239, 839, '2009-09-21', 'acquisizione', 24473, 39),
(1256,239, 839, '2010-06-11', 'vendita', 24473, 39),
(1257,240, 840, '2009-04-23', 'acquisizione', 51365, 40),
(1258,240, 840, '2009-08-13', 'vendita', 51365, 40),
(1259,241, 841, '2009-06-26', 'acquisizione', 29829, 41),
(1260,241, 841, '2009-12-19', 'vendita', 29829, 41),
(1261,242, 842, '2009-07-30', 'acquisizione', 74848, 42),
(1262,242, 842, '2010-02-25', 'vendita', 74848, 42),
(1263,243, 843, '2009-02-22', 'acquisizione', 11507, 43),
(1264,244, 844, '2010-01-13', 'acquisizione', 43858, 44),
(1265,244, 844, '2011-01-25', 'vendita', 43858, 44),
(1266,245, 845, '2010-08-21', 'acquisizione', 37631, 45),
(1267,245, 845, '2012-04-09', 'vendita', 37631, 45),
(1268,246, 846, '2010-01-14', 'acquisizione', 23965, 46),
(1269,247, 847, '2010-06-24', 'acquisizione', 49147, 47),
(1270,247, 847, '2011-12-15', 'vendita', 49147, 47),
(1271,248, 848, '2010-03-17', 'acquisizione', 33441, 48),
(1272,248, 848, '2011-05-31', 'vendita', 33441, 48),
(1273,249, 849, '2009-03-26', 'acquisizione', 53078, 49),
(1274,249, 849, '2009-06-18', 'vendita', 53078, 49),
(1275,250, 850, '2009-02-03', 'acquisizione', 56274, 0),
(1276,251, 851, '2009-07-23', 'acquisizione', 24191, 1),
(1277,251, 851, '2010-02-11', 'vendita', 24191, 1),
(1278,252, 852, '2009-10-05', 'acquisizione', 57979, 2),
(1279,253, 853, '2010-04-18', 'acquisizione', 25900, 3),
(1280,254, 854, '2009-03-15', 'acquisizione', 35454, 4),
(1281,255, 855, '2009-02-02', 'acquisizione', 78050, 5),
(1282,256, 856, '2009-02-01', 'acquisizione', 32145, 6),
(1283,257, 857, '2010-07-12', 'acquisizione', 65462, 7),
(1284,258, 858, '2009-03-30', 'acquisizione', 37269, 8),
(1285,259, 859, '2010-04-25', 'acquisizione', 59061, 9),
(1286,259, 859, '2011-08-17', 'vendita', 59061, 9),
(1287,260, 860, '2009-04-20', 'acquisizione', 39402, 10),
(1288,261, 861, '2010-08-03', 'acquisizione', 26858, 11),
(1289,262, 862, '2010-01-25', 'acquisizione', 23334, 12),
(1290,262, 862, '2011-02-18', 'vendita', 23334, 12),
(1291,263, 863, '2010-05-18', 'acquisizione', 41323, 13),
(1292,263, 863, '2011-10-02', 'vendita', 41323, 13),
(1293,264, 864, '2009-08-03', 'acquisizione', 35233, 14),
(1294,265, 865, '2009-05-11', 'acquisizione', 69560, 15),
(1295,265, 865, '2009-09-18', 'vendita', 69560, 15),
(1296,266, 866, '2009-04-14', 'acquisizione', 78265, 16),
(1297,267, 867, '2009-02-12', 'acquisizione', 76646, 17),
(1298,268, 868, '2009-07-28', 'acquisizione', 11261, 18),
(1299,268, 868, '2010-02-21', 'vendita', 11261, 18),
(1300,269, 869, '2010-04-15', 'acquisizione', 39810, 19),
(1301,270, 870, '2010-03-10', 'acquisizione', 54456, 20),
(1302,270, 870, '2011-05-17', 'vendita', 54456, 20),
(1303,271, 871, '2009-11-27', 'acquisizione', 43287, 21),
(1304,272, 872, '2009-11-02', 'acquisizione', 78556, 22),
(1305,272, 872, '2010-09-03', 'vendita', 78556, 22),
(1306,273, 873, '2009-03-12', 'acquisizione', 66547, 23),
(1307,273, 873, '2009-05-21', 'vendita', 66547, 23),
(1308,274, 874, '2010-01-30', 'acquisizione', 70242, 24),
(1309,275, 875, '2009-12-22', 'acquisizione', 79292, 25),
(1310,275, 875, '2010-12-12', 'vendita', 79292, 25),
(1311,276, 876, '2009-11-20', 'acquisizione', 71138, 26),
(1312,277, 877, '2009-12-30', 'acquisizione', 45807, 27),
(1313,277, 877, '2010-12-28', 'vendita', 45807, 27),
(1314,278, 878, '2009-04-29', 'acquisizione', 22623, 28),
(1315,278, 878, '2009-08-25', 'vendita', 22623, 28),
(1316,279, 879, '2010-05-07', 'acquisizione', 11378, 29),
(1317,280, 880, '2009-11-05', 'acquisizione', 21072, 30),
(1318,280, 880, '2010-09-09', 'vendita', 21072, 30),
(1319,281, 881, '2009-12-20', 'acquisizione', 73642, 31),
(1320,281, 881, '2010-12-08', 'vendita', 73642, 31),
(1321,282, 882, '2010-06-13', 'acquisizione', 77460, 32),
(1322,282, 882, '2011-11-23', 'vendita', 77460, 32),
(1323,283, 883, '2009-11-14', 'acquisizione', 69779, 33),
(1324,283, 883, '2010-09-27', 'vendita', 69779, 33),
(1325,284, 884, '2010-03-25', 'acquisizione', 54169, 34),
(1326,285, 885, '2010-03-17', 'acquisizione', 27614, 35),
(1327,286, 886, '2010-03-11', 'acquisizione', 56274, 36),
(1328,287, 887, '2009-09-16', 'acquisizione', 51752, 37),
(1329,287, 887, '2010-06-01', 'vendita', 51752, 37),
(1330,288, 888, '2009-06-19', 'acquisizione', 52182, 38),
(1331,289, 889, '2009-05-18', 'acquisizione', 78944, 39),
(1332,289, 889, '2009-10-02', 'vendita', 78944, 39),
(1333,290, 890, '2009-09-14', 'acquisizione', 41998, 40),
(1334,291, 891, '2009-08-10', 'acquisizione', 56103, 41),
(1335,292, 892, '2010-05-25', 'acquisizione', 74492, 42),
(1336,293, 893, '2009-11-09', 'acquisizione', 36345, 43),
(1337,293, 893, '2010-09-17', 'vendita', 36345, 43),
(1338,294, 894, '2009-08-13', 'acquisizione', 25561, 44),
(1339,295, 895, '2009-10-02', 'acquisizione', 20519, 45),
(1340,295, 895, '2010-07-03', 'vendita', 20519, 45),
(1341,296, 896, '2009-12-24', 'acquisizione', 62069, 46),
(1342,296, 896, '2010-12-16', 'vendita', 62069, 46),
(1343,297, 897, '2010-06-09', 'acquisizione', 50796, 47),
(1344,298, 898, '2009-02-09', 'acquisizione', 24433, 48),
(1345,298, 898, '2009-03-20', 'vendita', 24433, 48),
(1346,299, 899, '2010-04-01', 'acquisizione', 49365, 49),
(1347,299, 899, '2011-06-30', 'vendita', 49365, 49),
(1348,300, 900, '2009-03-25', 'acquisizione', 61835, 0),
(1349,300, 900, '2009-06-16', 'vendita', 61835, 0),
(1350,301, 901, '2009-10-28', 'acquisizione', 31319, 1),
(1351,301, 901, '2010-08-24', 'vendita', 31319, 1),
(1352,302, 902, '2010-01-22', 'acquisizione', 19463, 2),
(1353,302, 902, '2011-02-12', 'vendita', 19463, 2),
(1354,303, 903, '2009-10-08', 'acquisizione', 59083, 3),
(1355,304, 904, '2009-02-03', 'acquisizione', 53097, 4),
(1356,305, 905, '2009-04-09', 'acquisizione', 64594, 5),
(1357,306, 906, '2009-06-15', 'acquisizione', 47047, 6),
(1358,307, 907, '2010-02-13', 'acquisizione', 55610, 7),
(1359,308, 908, '2010-02-13', 'acquisizione', 70490, 8),
(1360,309, 909, '2010-05-03', 'acquisizione', 14662, 9),
(1361,309, 909, '2011-09-02', 'vendita', 14662, 9),
(1362,310, 910, '2010-04-11', 'acquisizione', 33092, 10),
(1363,310, 910, '2011-07-20', 'vendita', 33092, 10),
(1364,311, 911, '2009-04-24', 'acquisizione', 14722, 11),
(1365,311, 911, '2009-08-15', 'vendita', 14722, 11),
(1366,312, 912, '2010-07-09', 'acquisizione', 27381, 12),
(1367,313, 913, '2010-01-20', 'acquisizione', 71801, 13),
(1368,314, 914, '2009-04-05', 'acquisizione', 25261, 14),
(1369,314, 914, '2009-07-08', 'vendita', 25261, 14),
(1370,315, 915, '2009-04-23', 'acquisizione', 19633, 15),
(1371,315, 915, '2009-08-13', 'vendita', 19633, 15),
(1372,316, 916, '2009-06-15', 'acquisizione', 23796, 16),
(1373,317, 917, '2009-12-22', 'acquisizione', 70698, 17),
(1374,318, 918, '2009-11-17', 'acquisizione', 10698, 18),
(1375,318, 918, '2010-10-03', 'vendita', 10698, 18),
(1376,319, 919, '2010-06-20', 'acquisizione', 52874, 19),
(1377,319, 919, '2011-12-07', 'vendita', 52874, 19),
(1378,320, 920, '2009-04-19', 'acquisizione', 43595, 20),
(1379,320, 920, '2009-08-05', 'vendita', 43595, 20),
(1380,321, 921, '2010-04-18', 'acquisizione', 44913, 21),
(1381,321, 921, '2011-08-03', 'vendita', 44913, 21),
(1382,322, 922, '2010-05-01', 'acquisizione', 47247, 22),
(1383,322, 922, '2011-08-29', 'vendita', 47247, 22),
(1384,323, 923, '2009-03-02', 'acquisizione', 56296, 23),
(1385,324, 924, '2009-08-27', 'acquisizione', 66002, 24),
(1386,325, 925, '2010-04-07', 'acquisizione', 25927, 25),
(1387,325, 925, '2011-07-12', 'vendita', 25927, 25),
(1388,326, 926, '2009-12-29', 'acquisizione', 46832, 26),
(1389,327, 927, '2009-03-16', 'acquisizione', 70207, 27),
(1390,328, 928, '2010-07-18', 'acquisizione', 31407, 28),
(1391,328, 928, '2012-02-01', 'vendita', 31407, 28),
(1392,329, 929, '2009-12-18', 'acquisizione', 21512, 29),
(1393,329, 929, '2010-12-04', 'vendita', 21512, 29),
(1394,330, 930, '2009-06-19', 'acquisizione', 44119, 30),
(1395,330, 930, '2009-12-05', 'vendita', 44119, 30),
(1396,331, 931, '2009-04-05', 'acquisizione', 37566, 31),
(1397,332, 932, '2009-06-30', 'acquisizione', 75444, 32),
(1398,332, 932, '2009-12-27', 'vendita', 75444, 32),
(1399,333, 933, '2009-02-24', 'acquisizione', 73511, 33),
(1400,334, 934, '2009-03-06', 'acquisizione', 27337, 34),
(1401,335, 935, '2009-02-23', 'acquisizione', 35593, 35),
(1402,335, 935, '2009-04-17', 'vendita', 35593, 35),
(1403,336, 936, '2009-11-08', 'acquisizione', 49915, 36),
(1404,337, 937, '2010-04-04', 'acquisizione', 17475, 37),
(1405,338, 938, '2009-07-28', 'acquisizione', 49239, 38),
(1406,339, 939, '2010-03-13', 'acquisizione', 74036, 39),
(1407,340, 940, '2009-05-01', 'acquisizione', 15919, 40),
(1408,340, 940, '2009-08-29', 'vendita', 15919, 40),
(1409,341, 941, '2010-02-20', 'acquisizione', 34323, 41),
(1410,342, 942, '2010-02-24', 'acquisizione', 50280, 42),
(1411,343, 943, '2009-03-12', 'acquisizione', 23230, 43),
(1412,343, 943, '2009-05-21', 'vendita', 23230, 43),
(1413,344, 944, '2010-04-29', 'acquisizione', 33237, 44),
(1414,344, 944, '2011-08-25', 'vendita', 33237, 44),
(1415,345, 945, '2009-09-15', 'acquisizione', 60257, 45),
(1416,346, 946, '2009-06-25', 'acquisizione', 65360, 46),
(1417,346, 946, '2009-12-17', 'vendita', 65360, 46),
(1418,347, 947, '2009-07-20', 'acquisizione', 67766, 47),
(1419,348, 948, '2010-03-27', 'acquisizione', 19199, 48),
(1420,349, 949, '2010-01-04', 'acquisizione', 70265, 49),
(1421,350, 950, '2010-04-02', 'acquisizione', 18354, 0),
(1422,350, 950, '2011-07-02', 'vendita', 18354, 0),
(1423,351, 951, '2009-05-23', 'acquisizione', 16783, 1),
(1424,351, 951, '2009-10-12', 'vendita', 16783, 1),
(1425,352, 952, '2009-04-16', 'acquisizione', 30235, 2),
(1426,353, 953, '2010-07-29', 'acquisizione', 21131, 3),
(1427,353, 953, '2012-02-23', 'vendita', 21131, 3),
(1428,354, 954, '2009-04-06', 'acquisizione', 26650, 4),
(1429,355, 955, '2009-04-04', 'acquisizione', 59422, 5),
(1430,356, 956, '2009-06-10', 'acquisizione', 35781, 6),
(1431,357, 957, '2010-03-22', 'acquisizione', 38350, 7),
(1432,358, 958, '2009-10-02', 'acquisizione', 65440, 8),
(1433,358, 958, '2010-07-03', 'vendita', 65440, 8),
(1434,359, 959, '2010-01-14', 'acquisizione', 58869, 9),
(1435,359, 959, '2011-01-27', 'vendita', 58869, 9),
(1436,360, 960, '2009-10-05', 'acquisizione', 44587, 10),
(1437,360, 960, '2010-07-09', 'vendita', 44587, 10),
(1438,361, 961, '2010-01-18', 'acquisizione', 40102, 11),
(1439,361, 961, '2011-02-04', 'vendita', 40102, 11),
(1440,362, 962, '2009-07-05', 'acquisizione', 26458, 12),
(1441,363, 963, '2009-07-18', 'acquisizione', 75592, 13),
(1442,363, 963, '2010-02-01', 'vendita', 75592, 13),
(1443,364, 964, '2010-08-09', 'acquisizione', 36643, 14),
(1444,365, 965, '2009-04-27', 'acquisizione', 53283, 15),
(1445,366, 966, '2010-07-08', 'acquisizione', 76693, 16),
(1446,367, 967, '2009-03-14', 'acquisizione', 35795, 17),
(1447,367, 967, '2009-05-25', 'vendita', 35795, 17),
(1448,368, 968, '2010-01-01', 'acquisizione', 74169, 18),
(1449,369, 969, '2009-12-12', 'acquisizione', 75046, 19),
(1450,370, 970, '2009-08-15', 'acquisizione', 78450, 20),
(1451,370, 970, '2010-03-29', 'vendita', 78450, 20),
(1452,371, 971, '2010-08-19', 'acquisizione', 37092, 21),
(1453,371, 971, '2012-04-05', 'vendita', 37092, 21),
(1454,372, 972, '2009-09-02', 'acquisizione', 10663, 22),
(1455,373, 973, '2009-08-24', 'acquisizione', 57779, 23),
(1456,374, 974, '2010-05-15', 'acquisizione', 78213, 24),
(1457,375, 975, '2009-12-25', 'acquisizione', 41655, 25),
(1458,375, 975, '2010-12-18', 'vendita', 41655, 25),
(1459,376, 976, '2009-12-16', 'acquisizione', 18474, 26),
(1460,376, 976, '2010-11-30', 'vendita', 18474, 26),
(1461,377, 977, '2009-03-10', 'acquisizione', 21212, 27),
(1462,377, 977, '2009-05-17', 'vendita', 21212, 27),
(1463,378, 978, '2010-03-14', 'acquisizione', 30954, 28),
(1464,378, 978, '2011-05-25', 'vendita', 30954, 28),
(1465,379, 979, '2009-04-14', 'acquisizione', 14640, 29),
(1466,380, 980, '2009-12-06', 'acquisizione', 16330, 30),
(1467,381, 981, '2010-06-25', 'acquisizione', 58490, 31),
(1468,381, 981, '2011-12-17', 'vendita', 58490, 31),
(1469,382, 982, '2009-09-11', 'acquisizione', 52936, 32),
(1470,382, 982, '2010-05-22', 'vendita', 52936, 32),
(1471,383, 983, '2010-05-08', 'acquisizione', 47574, 33),
(1472,383, 983, '2011-09-12', 'vendita', 47574, 33),
(1473,384, 984, '2009-06-17', 'acquisizione', 53001, 34),
(1474,384, 984, '2009-12-01', 'vendita', 53001, 34),
(1475,385, 985, '2010-07-05', 'acquisizione', 12650, 35),
(1476,385, 985, '2012-01-06', 'vendita', 12650, 35),
(1477,386, 986, '2010-05-31', 'acquisizione', 44924, 36),
(1478,387, 987, '2010-04-16', 'acquisizione', 26457, 37),
(1479,388, 988, '2009-08-21', 'acquisizione', 15376, 38),
(1480,389, 989, '2009-11-16', 'acquisizione', 54990, 39),
(1481,390, 990, '2009-11-16', 'acquisizione', 72627, 40),
(1482,390, 990, '2010-10-01', 'vendita', 72627, 40),
(1483,391, 991, '2009-07-27', 'acquisizione', 19162, 41),
(1484,392, 992, '2009-06-08', 'acquisizione', 40122, 42),
(1485,393, 993, '2010-06-01', 'acquisizione', 29295, 43),
(1486,394, 994, '2010-08-04', 'acquisizione', 38747, 44),
(1487,394, 994, '2012-03-06', 'vendita', 38747, 44),
(1488,395, 995, '2010-04-26', 'acquisizione', 10841, 45),
(1489,396, 996, '2009-04-09', 'acquisizione', 56070, 46),
(1490,397, 997, '2010-03-01', 'acquisizione', 66118, 47),
(1491,398, 998, '2009-12-25', 'acquisizione', 72668, 48),
(1492,399, 999, '2010-02-06', 'acquisizione', 49193, 49),
(1493,400, 1, '2009-02-08', 'acquisizione', 10274, 0),
(1494,401, 1, '2010-01-24', 'acquisizione', 10274, 1),
(1495,401, 1, '2011-02-16', 'vendita', 10274, 1),
(1496,402, 2, '2009-12-30', 'acquisizione', 23246, 2),
(1497,403, 3, '2010-07-19', 'acquisizione', 43832, 3),
(1498,404, 4, '2009-08-08', 'acquisizione', 38540, 4),
(1499,404, 4, '2010-03-15', 'vendita', 38540, 4),
(1500,405, 5, '2010-05-05', 'acquisizione', 51858, 5),
(1501,405, 5, '2011-09-06', 'vendita', 51858, 5),
(1502,406, 6, '2010-05-09', 'acquisizione', 64261, 6),
(1503,406, 6, '2011-09-14', 'vendita', 64261, 6),
(1504,407, 7, '2009-11-04', 'acquisizione', 38435, 7),
(1505,407, 7, '2010-09-07', 'vendita', 38435, 7),
(1506,408, 8, '2009-07-24', 'acquisizione', 50620, 8),
(1507,408, 8, '2010-02-13', 'vendita', 50620, 8),
(1508,409, 9, '2009-03-31', 'acquisizione', 58735, 9),
(1509,410, 10, '2009-08-23', 'acquisizione', 23913, 10),
(1510,410, 10, '2010-04-14', 'vendita', 23913, 10),
(1511,411, 11, '2010-01-29', 'acquisizione', 65101, 11),
(1512,411, 11, '2011-02-26', 'vendita', 65101, 11),
(1513,412, 12, '2009-08-25', 'acquisizione', 43765, 12),
(1514,412, 12, '2010-04-18', 'vendita', 43765, 12),
(1515,413, 13, '2009-03-08', 'acquisizione', 62970, 13),
(1516,413, 13, '2009-05-13', 'vendita', 62970, 13),
(1517,414, 14, '2010-01-19', 'acquisizione', 28018, 14),
(1518,415, 15, '2009-05-29', 'acquisizione', 43880, 15),
(1519,416, 16, '2009-02-25', 'acquisizione', 61365, 16),
(1520,416, 16, '2009-04-21', 'vendita', 61365, 16),
(1521,417, 17, '2009-12-28', 'acquisizione', 73563, 17),
(1522,417, 17, '2010-12-24', 'vendita', 73563, 17),
(1523,418, 18, '2009-08-12', 'acquisizione', 79175, 18),
(1524,418, 18, '2010-03-23', 'vendita', 79175, 18),
(1525,419, 19, '2009-10-28', 'acquisizione', 27949, 19),
(1526,419, 19, '2010-08-24', 'vendita', 27949, 19),
(1527,420, 20, '2009-08-26', 'acquisizione', 39221, 20),
(1528,421, 21, '2010-07-04', 'acquisizione', 42970, 21),
(1529,421, 21, '2012-01-04', 'vendita', 42970, 21),
(1530,422, 22, '2010-01-09', 'acquisizione', 21058, 22),
(1531,422, 22, '2011-01-17', 'vendita', 21058, 22),
(1532,423, 23, '2010-02-15', 'acquisizione', 26319, 23),
(1533,423, 23, '2011-04-01', 'vendita', 26319, 23),
(1534,424, 24, '2009-11-25', 'acquisizione', 72474, 24),
(1535,424, 24, '2010-10-19', 'vendita', 72474, 24),
(1536,425, 25, '2010-02-25', 'acquisizione', 33759, 25),
(1537,425, 25, '2011-04-21', 'vendita', 33759, 25),
(1538,426, 26, '2009-05-15', 'acquisizione', 21640, 26),
(1539,426, 26, '2009-09-26', 'vendita', 21640, 26),
(1540,427, 27, '2009-06-27', 'acquisizione', 74188, 27),
(1541,427, 27, '2009-12-21', 'vendita', 74188, 27),
(1542,428, 28, '2009-09-21', 'acquisizione', 57763, 28),
(1543,428, 28, '2010-06-11', 'vendita', 57763, 28),
(1544,429, 29, '2010-01-12', 'acquisizione', 29508, 29),
(1545,430, 30, '2009-03-01', 'acquisizione', 14512, 30),
(1546,431, 31, '2009-12-18', 'acquisizione', 11146, 31),
(1547,431, 31, '2010-12-04', 'vendita', 11146, 31),
(1548,432, 32, '2010-05-18', 'acquisizione', 10785, 32),
(1549,433, 33, '2010-01-16', 'acquisizione', 21678, 33),
(1550,434, 34, '2009-09-29', 'acquisizione', 39144, 34),
(1551,435, 35, '2010-01-21', 'acquisizione', 76641, 35),
(1552,436, 36, '2009-06-29', 'acquisizione', 31301, 36),
(1553,436, 36, '2009-12-25', 'vendita', 31301, 36),
(1554,437, 37, '2010-07-31', 'acquisizione', 42773, 37),
(1555,438, 38, '2009-02-18', 'acquisizione', 22332, 38),
(1556,439, 39, '2010-02-22', 'acquisizione', 15029, 39),
(1557,439, 39, '2011-04-15', 'vendita', 15029, 39),
(1558,440, 40, '2010-07-22', 'acquisizione', 19746, 40),
(1559,440, 40, '2012-02-09', 'vendita', 19746, 40),
(1560,441, 41, '2009-05-13', 'acquisizione', 44043, 41),
(1561,441, 41, '2009-09-22', 'vendita', 44043, 41),
(1562,442, 42, '2010-08-09', 'acquisizione', 56594, 42),
(1563,442, 42, '2012-03-16', 'vendita', 56594, 42),
(1564,443, 43, '2009-06-08', 'acquisizione', 24738, 43),
(1565,444, 44, '2010-08-07', 'acquisizione', 79418, 44),
(1566,444, 44, '2012-03-12', 'vendita', 79418, 44),
(1567,445, 45, '2009-04-19', 'acquisizione', 31140, 45),
(1568,445, 45, '2009-08-05', 'vendita', 31140, 45),
(1569,446, 46, '2009-04-29', 'acquisizione', 25374, 46),
(1570,447, 47, '2009-03-02', 'acquisizione', 45051, 47),
(1571,448, 48, '2009-11-17', 'acquisizione', 20044, 48),
(1572,448, 48, '2010-10-03', 'vendita', 20044, 48),
(1573,449, 49, '2009-03-02', 'acquisizione', 19097, 49),
(1574,450, 50, '2010-05-01', 'acquisizione', 37523, 0),
(1575,450, 50, '2011-08-29', 'vendita', 37523, 0),
(1576,451, 51, '2009-05-28', 'acquisizione', 39146, 1),
(1577,452, 52, '2010-03-10', 'acquisizione', 41865, 2),
(1578,452, 52, '2011-05-17', 'vendita', 41865, 2),
(1579,453, 53, '2009-10-26', 'acquisizione', 38422, 3),
(1580,453, 53, '2010-08-20', 'vendita', 38422, 3),
(1581,454, 54, '2009-06-12', 'acquisizione', 13269, 4),
(1582,455, 55, '2009-05-16', 'acquisizione', 37934, 5),
(1583,455, 55, '2009-09-28', 'vendita', 37934, 5),
(1584,456, 56, '2009-07-04', 'acquisizione', 75816, 6),
(1585,456, 56, '2010-01-04', 'vendita', 75816, 6),
(1586,457, 57, '2009-07-07', 'acquisizione', 44493, 7),
(1587,458, 58, '2010-01-14', 'acquisizione', 10301, 8),
(1588,459, 59, '2010-05-24', 'acquisizione', 56246, 9),
(1589,460, 60, '2009-04-06', 'acquisizione', 61583, 10),
(1590,460, 60, '2009-07-10', 'vendita', 61583, 10),
(1591,461, 61, '2010-02-17', 'acquisizione', 21768, 11),
(1592,461, 61, '2011-04-05', 'vendita', 21768, 11),
(1593,462, 62, '2010-01-13', 'acquisizione', 60789, 12),
(1594,462, 62, '2011-01-25', 'vendita', 60789, 12),
(1595,463, 63, '2009-07-25', 'acquisizione', 16650, 13),
(1596,464, 64, '2009-03-28', 'acquisizione', 71618, 14),
(1597,464, 64, '2009-06-22', 'vendita', 71618, 14),
(1598,465, 65, '2010-07-27', 'acquisizione', 10449, 15),
(1599,466, 66, '2009-07-03', 'acquisizione', 68499, 16),
(1600,467, 67, '2010-05-22', 'acquisizione', 63928, 17),
(1601,468, 68, '2009-07-15', 'acquisizione', 12611, 18),
(1602,469, 69, '2010-07-14', 'acquisizione', 76221, 19),
(1603,469, 69, '2012-01-24', 'vendita', 76221, 19),
(1604,470, 70, '2010-04-25', 'acquisizione', 72113, 20),
(1605,471, 71, '2009-03-14', 'acquisizione', 50712, 21),
(1606,472, 72, '2010-01-27', 'acquisizione', 17560, 22),
(1607,472, 72, '2011-02-22', 'vendita', 17560, 22),
(1608,473, 73, '2009-08-01', 'acquisizione', 50270, 23),
(1609,474, 74, '2010-05-15', 'acquisizione', 26791, 24),
(1610,475, 75, '2009-03-27', 'acquisizione', 67096, 25),
(1611,476, 76, '2009-03-24', 'acquisizione', 11841, 26),
(1612,477, 77, '2010-05-24', 'acquisizione', 24610, 27),
(1613,478, 78, '2009-08-21', 'acquisizione', 54835, 28),
(1614,478, 78, '2010-04-10', 'vendita', 54835, 28),
(1615,479, 79, '2010-08-04', 'acquisizione', 66162, 29),
(1616,480, 80, '2010-07-01', 'acquisizione', 53410, 30),
(1617,480, 80, '2011-12-29', 'vendita', 53410, 30),
(1618,481, 81, '2009-06-10', 'acquisizione', 29056, 31),
(1619,481, 81, '2009-11-17', 'vendita', 29056, 31),
(1620,482, 82, '2009-06-01', 'acquisizione', 35731, 32),
(1621,483, 83, '2009-12-20', 'acquisizione', 11953, 33),
(1622,483, 83, '2010-12-08', 'vendita', 11953, 33),
(1623,484, 84, '2009-09-26', 'acquisizione', 19132, 34),
(1624,484, 84, '2010-06-21', 'vendita', 19132, 34),
(1625,485, 85, '2009-06-07', 'acquisizione', 14355, 35),
(1626,485, 85, '2009-11-11', 'vendita', 14355, 35),
(1627,486, 86, '2009-09-09', 'acquisizione', 39215, 36),
(1628,486, 86, '2010-05-18', 'vendita', 39215, 36),
(1629,487, 87, '2010-07-02', 'acquisizione', 12400, 37),
(1630,487, 87, '2011-12-31', 'vendita', 12400, 37),
(1631,488, 88, '2009-08-24', 'acquisizione', 31075, 38),
(1632,488, 88, '2010-04-16', 'vendita', 31075, 38),
(1633,489, 89, '2009-06-10', 'acquisizione', 57644, 39),
(1634,489, 89, '2009-11-17', 'vendita', 57644, 39),
(1635,490, 90, '2010-08-06', 'acquisizione', 16311, 40),
(1636,490, 90, '2012-03-10', 'vendita', 16311, 40),
(1637,491, 91, '2009-08-11', 'acquisizione', 71095, 41),
(1638,491, 91, '2010-03-21', 'vendita', 71095, 41),
(1639,492, 92, '2010-08-18', 'acquisizione', 57752, 42),
(1640,492, 92, '2012-04-03', 'vendita', 57752, 42),
(1641,493, 93, '2009-05-27', 'acquisizione', 25894, 43),
(1642,493, 93, '2009-10-20', 'vendita', 25894, 43),
(1643,494, 94, '2010-03-22', 'acquisizione', 30203, 44),
(1644,494, 94, '2011-06-10', 'vendita', 30203, 44),
(1645,495, 95, '2009-07-15', 'acquisizione', 73565, 45),
(1646,495, 95, '2010-01-26', 'vendita', 73565, 45),
(1647,496, 96, '2010-05-24', 'acquisizione', 19330, 46),
(1648,496, 96, '2011-10-14', 'vendita', 19330, 46),
(1649,497, 97, '2009-02-03', 'acquisizione', 74864, 47),
(1650,497, 97, '2009-03-08', 'vendita', 74864, 47),
(1651,498, 98, '2009-07-05', 'acquisizione', 60685, 48),
(1652,499, 99, '2010-03-23', 'acquisizione', 24160, 49),
(1653,499, 99, '2011-06-12', 'vendita', 24160, 49),
