(1,10, 17, '2009-11-23', 'acquisizione', 26465, 1),
(2,22, 21, '2009-04-19', 'acquisizione', 58155, 2),
(3,10, 15, '2009-04-10', 'acquisizione', 76338, 3),
(4,10, 15, '2009-07-18', 'vendita', 76338, 3),
(5,12, 6, '2009-02-10', 'acquisizione', 77860, 4),
(6,12, 6, '2009-03-22', 'vendita', 77860, 4),
(7,8, 20, '2009-11-08', 'acquisizione', 13809, 5),
(8,26, 7, '2009-05-05', 'acquisizione', 62941, 6),
(9,20, 25, '2009-07-15', 'acquisizione', 69050, 7),
(10,20, 25, '2010-01-26', 'vendita', 69050, 7),
(11,28, 24, '2009-02-12', 'acquisizione', 36049, 8),
(12,28, 24, '2009-03-26', 'vendita', 36049, 8),
(13,29, 21, '2010-05-28', 'acquisizione', 58155, 9),
(14,25, 20, '2010-05-28', 'acquisizione', 13809, 10),
(15,25, 20, '2011-10-22', 'vendita', 13809, 10),
(16,21, 28, '2010-06-02', 'acquisizione', 78346, 11),
(17,18, 15, '2010-02-10', 'acquisizione', 76338, 12),
(18,32, 23, '2010-01-16', 'acquisizione', 61043, 13),
(19,17, 28, '2009-09-18', 'acquisizione', 78346, 14),
(20,35, 21, '2010-06-12', 'acquisizione', 58155, 15),
(21,35, 21, '2011-11-21', 'vendita', 58155, 15),
(22,36, 19, '2009-03-11', 'acquisizione', 55551, 16),
(23,33, 33, '2010-06-21', 'acquisizione', 21891, 17),
(24,35, 20, '2009-04-09', 'acquisizione', 13809, 18),
(25,39, 30, '2010-03-24', 'acquisizione', 19523, 19),
(26,39, 30, '2011-06-14', 'vendita', 19523, 19),
(27,40, 26, '2010-05-08', 'acquisizione', 71444, 20),
(28,37, 30, '2009-03-06', 'acquisizione', 19523, 21),
(29,40, 42, '2009-07-21', 'acquisizione', 66502, 22),
(30,42, 34, '2010-03-11', 'acquisizione', 20206, 23),
(31,42, 34, '2011-05-19', 'vendita', 20206, 23),
(32,29, 29, '2009-05-03', 'acquisizione', 38393, 24),
(33,26, 40, '2009-09-30', 'acquisizione', 56035, 25),
(34,26, 40, '2010-06-29', 'vendita', 56035, 25),
(35,35, 44, '2009-06-14', 'acquisizione', 13711, 26),
(36,31, 34, '2010-03-22', 'acquisizione', 20206, 27),
(37,30, 34, '2009-12-28', 'acquisizione', 20206, 28),
(38,30, 34, '2010-12-24', 'vendita', 20206, 28),
(39,39, 41, '2009-05-17', 'acquisizione', 58459, 29),
(40,39, 41, '2009-09-30', 'vendita', 58459, 29),
(41,44, 36, '2009-02-21', 'acquisizione', 78652, 30),
(42,44, 36, '2009-04-13', 'vendita', 78652, 30),
(43,44, 40, '2009-07-03', 'acquisizione', 56035, 31),
(44,46, 44, '2009-05-18', 'acquisizione', 13711, 32),
(45,46, 44, '2009-10-02', 'vendita', 13711, 32),
(46,41, 39, '2009-09-03', 'acquisizione', 18009, 33),
(47,37, 43, '2010-01-29', 'acquisizione', 71730, 34),
(48,37, 43, '2011-02-26', 'vendita', 71730, 34),
(49,49, 42, '2009-02-20', 'acquisizione', 66502, 35),
(50,49, 42, '2009-04-11', 'vendita', 66502, 35),
(51,47, 47, '2009-10-31', 'acquisizione', 39833, 36),
(52,53, 57, '2010-02-04', 'acquisizione', 71161, 37),
(53,53, 57, '2011-03-10', 'vendita', 71161, 37),
(54,47, 49, '2010-08-08', 'acquisizione', 51513, 38),
(55,58, 48, '2009-02-15', 'acquisizione', 64548, 39),
(56,45, 50, '2009-04-18', 'acquisizione', 22455, 40),
(57,50, 48, '2009-07-23', 'acquisizione', 64548, 41),
(58,50, 48, '2010-02-11', 'vendita', 64548, 41),
(59,59, 55, '2009-07-10', 'acquisizione', 76791, 42),
(60,59, 55, '2010-01-16', 'vendita', 76791, 42),
(61,60, 45, '2009-03-15', 'acquisizione', 39700, 43),
(62,56, 53, '2009-09-17', 'acquisizione', 52405, 44),
(63,56, 53, '2010-06-03', 'vendita', 52405, 44),
(64,61, 54, '2009-02-26', 'acquisizione', 70074, 45),
(65,61, 54, '2009-04-23', 'vendita', 70074, 45),
(66,56, 50, '2010-01-10', 'acquisizione', 22455, 46),
(67,48, 58, '2010-06-14', 'acquisizione', 26202, 47),
(68,61, 51, '2010-03-13', 'acquisizione', 29815, 48),
(69,61, 51, '2011-05-23', 'vendita', 29815, 48),
(70,63, 62, '2009-03-19', 'acquisizione', 59746, 49),
(71,62, 70, '2010-01-22', 'acquisizione', 39246, 0),
(72,62, 70, '2011-02-12', 'vendita', 39246, 0),
(73,59, 56, '2009-03-23', 'acquisizione', 21438, 1),
(74,61, 55, '2010-04-10', 'acquisizione', 76791, 2),
(75,61, 55, '2011-07-18', 'vendita', 76791, 2),
(76,72, 55, '2009-06-10', 'acquisizione', 76791, 3),
(77,61, 57, '2009-03-08', 'acquisizione', 71161, 4),
(78,68, 74, '2009-12-14', 'acquisizione', 55480, 5),
(79,68, 74, '2010-08-09', 'acquisizione', 55480, 6),
(80,72, 64, '2010-02-27', 'acquisizione', 78682, 7),
(81,66, 76, '2009-08-03', 'acquisizione', 62647, 8),
(82,66, 76, '2010-03-05', 'vendita', 62647, 8),
(83,64, 60, '2010-03-05', 'acquisizione', 22089, 9),
(84,73, 63, '2009-04-13', 'acquisizione', 32406, 10),
(85,76, 62, '2009-04-15', 'acquisizione', 59746, 11),
(86,63, 82, '2009-10-10', 'acquisizione', 68159, 12),
(87,63, 82, '2010-07-19', 'vendita', 68159, 12),
(88,64, 73, '2009-04-28', 'acquisizione', 73764, 13),
(89,84, 67, '2009-06-14', 'acquisizione', 47540, 14),
(90,84, 67, '2009-11-25', 'vendita', 47540, 14),
(91,82, 80, '2010-06-16', 'acquisizione', 62689, 15),
(92,82, 80, '2011-11-29', 'vendita', 62689, 15),
(93,70, 69, '2010-06-18', 'acquisizione', 57409, 16),
(94,82, 82, '2009-08-25', 'acquisizione', 68159, 17),
(95,87, 72, '2009-05-15', 'acquisizione', 74646, 18),
(96,75, 82, '2009-08-22', 'acquisizione', 68159, 19),
(97,79, 79, '2009-07-20', 'acquisizione', 51728, 20),
(98,79, 79, '2010-02-05', 'vendita', 51728, 20),
(99,78, 77, '2010-07-28', 'acquisizione', 59150, 21),
(100,75, 73, '2010-01-10', 'acquisizione', 73764, 22),
(101,75, 73, '2011-01-19', 'vendita', 73764, 22),
(102,89, 83, '2010-03-27', 'acquisizione', 10490, 23),
(103,89, 83, '2011-06-20', 'vendita', 10490, 23),
(104,93, 84, '2009-10-18', 'acquisizione', 26656, 24),
(105,93, 84, '2010-08-04', 'vendita', 26656, 24),
(106,81, 86, '2009-04-25', 'acquisizione', 67662, 25),
(107,81, 86, '2009-08-17', 'vendita', 67662, 25),
(108,94, 94, '2010-03-25', 'acquisizione', 11444, 26),
(109,96, 80, '2009-02-04', 'acquisizione', 62689, 27),
(110,89, 92, '2010-06-29', 'acquisizione', 58172, 28),
(111,99, 81, '2009-02-14', 'acquisizione', 75633, 29),
(112,83, 87, '2009-09-01', 'acquisizione', 22768, 30),
(113,83, 87, '2010-05-02', 'vendita', 22768, 30),
(114,93, 97, '2009-12-07', 'acquisizione', 38601, 31),
(115,93, 97, '2010-11-12', 'vendita', 38601, 31),
(116,89, 97, '2009-03-29', 'acquisizione', 38601, 32),
(117,97, 100, '2009-09-05', 'acquisizione', 63438, 33),
(118,97, 100, '2010-05-10', 'vendita', 63438, 33),
(119,104, 93, '2010-07-31', 'acquisizione', 20538, 34),
(120,104, 93, '2012-02-27', 'vendita', 20538, 34),
(121,101, 105, '2010-08-11', 'acquisizione', 55958, 35),
(122,106, 94, '2009-08-11', 'acquisizione', 11444, 36),
(123,107, 103, '2009-02-19', 'acquisizione', 47611, 37),
(124,107, 103, '2009-04-09', 'vendita', 47611, 37),
(125,99, 105, '2010-07-22', 'acquisizione', 55958, 38),
(126,102, 109, '2009-11-02', 'acquisizione', 31625, 39),
(127,102, 109, '2010-09-03', 'vendita', 31625, 39),
(128,96, 94, '2009-11-29', 'acquisizione', 11444, 40),
(129,96, 94, '2010-10-27', 'vendita', 11444, 40),
(130,106, 98, '2010-03-19', 'acquisizione', 78838, 41),
(131,101, 93, '2010-06-11', 'acquisizione', 20538, 42),
(132,112, 104, '2010-02-01', 'acquisizione', 72711, 43),
(133,112, 104, '2011-03-04', 'vendita', 72711, 43),
(134,105, 97, '2010-03-22', 'acquisizione', 38601, 44),
(135,105, 97, '2011-06-10', 'vendita', 38601, 44),
(136,112, 97, '2009-02-24', 'acquisizione', 38601, 45),
(137,112, 97, '2009-04-19', 'vendita', 38601, 45),
(138,102, 108, '2010-04-02', 'acquisizione', 23761, 46),
(139,111, 109, '2009-06-02', 'acquisizione', 31625, 47),
(140,113, 108, '2009-09-20', 'acquisizione', 23761, 48),
(141,109, 119, '2009-08-22', 'acquisizione', 31358, 49),
(142,102, 118, '2009-02-26', 'acquisizione', 47511, 0),
(143,118, 108, '2009-10-25', 'acquisizione', 23761, 1),
(144,118, 108, '2010-08-18', 'vendita', 23761, 1),
(145,114, 105, '2009-08-06', 'acquisizione', 55958, 2),
(146,121, 123, '2009-09-03', 'acquisizione', 48150, 3),
(147,121, 123, '2010-05-06', 'vendita', 48150, 3),
(148,116, 111, '2009-05-18', 'acquisizione', 15710, 4),
(149,113, 122, '2009-07-20', 'acquisizione', 29564, 5),
(150,113, 122, '2010-02-05', 'vendita', 29564, 5),
(151,126, 116, '2010-05-20', 'acquisizione', 76081, 6),
(152,126, 116, '2011-10-06', 'vendita', 76081, 6),
(153,125, 111, '2010-05-06', 'acquisizione', 15710, 7),
(154,117, 125, '2010-06-05', 'acquisizione', 15147, 8),
(155,117, 125, '2011-11-07', 'vendita', 15147, 8),
(156,118, 118, '2009-07-11', 'acquisizione', 47511, 9),
(157,125, 126, '2009-12-03', 'acquisizione', 45903, 10),
(158,125, 126, '2010-11-04', 'vendita', 45903, 10),
(159,123, 128, '2009-11-20', 'acquisizione', 49389, 11),
(160,123, 128, '2010-10-09', 'vendita', 49389, 11),
(161,113, 113, '2009-10-26', 'acquisizione', 51480, 12),
(162,113, 113, '2010-08-20', 'vendita', 51480, 12),
(163,121, 125, '2009-07-08', 'acquisizione', 15147, 13),
(164,121, 125, '2010-01-12', 'vendita', 15147, 13),
(165,116, 132, '2009-02-15', 'acquisizione', 71670, 14),
(166,116, 117, '2009-09-06', 'acquisizione', 19859, 15),
(167,116, 117, '2010-05-12', 'vendita', 19859, 15),
(168,128, 125, '2010-03-05', 'acquisizione', 15147, 16),
(169,133, 129, '2010-08-04', 'acquisizione', 68566, 17),
(170,138, 123, '2010-04-28', 'acquisizione', 48150, 18),
(171,138, 123, '2011-08-23', 'vendita', 48150, 18),
(172,129, 137, '2009-06-02', 'acquisizione', 53847, 19),
(173,122, 126, '2009-05-31', 'acquisizione', 45903, 20),
(174,123, 132, '2010-05-16', 'acquisizione', 71670, 21),
(175,133, 136, '2010-07-21', 'acquisizione', 70367, 22),
(176,133, 136, '2012-02-07', 'vendita', 70367, 22),
(177,131, 137, '2010-05-03', 'acquisizione', 53847, 23),
(178,131, 137, '2011-09-02', 'vendita', 53847, 23),
(179,141, 136, '2010-05-22', 'acquisizione', 70367, 24),
(180,141, 136, '2011-10-10', 'vendita', 70367, 24),
(181,144, 144, '2010-06-13', 'acquisizione', 17244, 25),
(182,142, 146, '2009-02-23', 'acquisizione', 69439, 26),
(183,137, 130, '2010-03-12', 'acquisizione', 42500, 27),
(184,137, 130, '2011-05-21', 'vendita', 42500, 27),
(185,148, 135, '2010-04-20', 'acquisizione', 51478, 28),
(186,132, 133, '2010-07-30', 'acquisizione', 49340, 29),
(187,132, 133, '2012-02-25', 'vendita', 49340, 29),
(188,146, 146, '2009-08-19', 'acquisizione', 69439, 30),
(189,149, 140, '2009-09-12', 'acquisizione', 70344, 31),
(190,141, 137, '2010-06-23', 'acquisizione', 53847, 32),
(191,141, 137, '2011-12-13', 'vendita', 53847, 32),
(192,144, 145, '2009-10-11', 'acquisizione', 14079, 33),
(193,147, 144, '2010-02-16', 'acquisizione', 17244, 34),
(194,147, 144, '2011-04-03', 'vendita', 17244, 34),
(195,153, 147, '2009-08-20', 'acquisizione', 25291, 35),
(196,153, 147, '2010-04-08', 'vendita', 25291, 35),
(197,155, 147, '2009-07-16', 'acquisizione', 25291, 36),
(198,138, 144, '2010-07-09', 'acquisizione', 17244, 37),
(199,138, 144, '2012-01-14', 'vendita', 17244, 37),
(200,155, 148, '2010-06-10', 'acquisizione', 56585, 38),
(201,155, 148, '2011-11-17', 'vendita', 56585, 38),
(202,147, 152, '2010-03-12', 'acquisizione', 42124, 39),
(203,147, 152, '2011-05-21', 'vendita', 42124, 39),
(204,141, 149, '2010-02-03', 'acquisizione', 55505, 40),
(205,151, 156, '2010-04-08', 'acquisizione', 52916, 41),
(206,161, 148, '2009-09-17', 'acquisizione', 56585, 42),
(207,152, 158, '2010-02-24', 'acquisizione', 73129, 43),
(208,152, 158, '2011-04-19', 'vendita', 73129, 43),
(209,152, 160, '2009-09-26', 'acquisizione', 10438, 44),
(210,152, 160, '2010-06-21', 'vendita', 10438, 44),
(211,153, 164, '2010-05-28', 'acquisizione', 46295, 45),
(212,153, 164, '2011-10-22', 'vendita', 46295, 45),
(213,156, 156, '2010-08-09', 'acquisizione', 52916, 46),
(214,151, 150, '2009-04-10', 'acquisizione', 39349, 47),
(215,151, 150, '2009-07-18', 'vendita', 39349, 47),
(216,152, 168, '2010-04-16', 'acquisizione', 15166, 48),
(217,152, 168, '2011-07-30', 'vendita', 15166, 48),
(218,152, 157, '2010-07-11', 'acquisizione', 24845, 49),
(219,155, 165, '2009-11-05', 'acquisizione', 27776, 0),
(220,155, 165, '2010-09-09', 'vendita', 27776, 0),
(221,161, 158, '2010-06-23', 'acquisizione', 73129, 1),
(222,159, 160, '2009-03-21', 'acquisizione', 10438, 2),
(223,169, 167, '2009-06-22', 'acquisizione', 42475, 3),
(224,169, 167, '2009-12-11', 'vendita', 42475, 3),
(225,174, 174, '2009-06-23', 'acquisizione', 38951, 4),
(226,174, 174, '2009-12-13', 'vendita', 38951, 4),
(227,170, 171, '2010-07-01', 'acquisizione', 68679, 5),
(228,170, 171, '2011-12-29', 'vendita', 68679, 5),
(229,173, 165, '2010-05-29', 'acquisizione', 27776, 6),
(230,169, 169, '2009-12-07', 'acquisizione', 34281, 7),
(231,169, 169, '2009-10-14', 'acquisizione', 34281, 8),
(232,170, 164, '2010-03-24', 'acquisizione', 46295, 9),
(233,170, 164, '2011-06-14', 'vendita', 46295, 9),
(234,177, 177, '2009-11-21', 'acquisizione', 29869, 10),
(235,177, 177, '2010-10-11', 'vendita', 29869, 10),
(236,163, 168, '2009-04-13', 'acquisizione', 15166, 11),
(237,168, 172, '2009-02-22', 'acquisizione', 59108, 12),
(238,166, 171, '2010-08-13', 'acquisizione', 68679, 13),
(239,183, 174, '2009-09-14', 'acquisizione', 38951, 14),
(240,184, 166, '2010-02-03', 'acquisizione', 26569, 15),
(241,184, 186, '2009-11-08', 'acquisizione', 18597, 16),
(242,184, 186, '2010-09-15', 'vendita', 18597, 16),
(243,182, 171, '2010-01-10', 'acquisizione', 68679, 17),
(244,182, 171, '2011-01-19', 'vendita', 68679, 17),
(245,180, 181, '2010-02-24', 'acquisizione', 71510, 18),
(246,172, 174, '2009-10-24', 'acquisizione', 38951, 19),
(247,172, 174, '2010-08-16', 'vendita', 38951, 19),
(248,180, 180, '2009-03-07', 'acquisizione', 15031, 20),
(249,180, 180, '2009-05-11', 'vendita', 15031, 20),
(250,183, 173, '2010-03-10', 'acquisizione', 69063, 21),
(251,183, 173, '2011-05-17', 'vendita', 69063, 21),
(252,177, 191, '2010-03-03', 'acquisizione', 77085, 22),
(253,192, 192, '2009-05-08', 'acquisizione', 33430, 23),
(254,187, 183, '2009-10-11', 'acquisizione', 24004, 24),
(255,182, 192, '2010-03-26', 'acquisizione', 33430, 25),
(256,182, 192, '2011-06-18', 'vendita', 33430, 25),
(257,179, 182, '2009-10-02', 'acquisizione', 51431, 26),
(258,179, 182, '2010-07-03', 'vendita', 51431, 26),
(259,179, 191, '2009-06-24', 'acquisizione', 77085, 27),
(260,180, 189, '2009-02-18', 'acquisizione', 75835, 28),
(261,180, 189, '2009-04-07', 'vendita', 75835, 28),
(262,191, 187, '2010-06-04', 'acquisizione', 23144, 29),
(263,198, 185, '2009-05-27', 'acquisizione', 42233, 30),
(264,194, 196, '2009-11-29', 'acquisizione', 22769, 31),
(265,193, 197, '2009-11-09', 'acquisizione', 20326, 32),
(266,199, 199, '2010-06-20', 'acquisizione', 68629, 33),
(267,199, 199, '2011-12-07', 'vendita', 68629, 33),
(268,199, 202, '2009-03-12', 'acquisizione', 19694, 34),
(269,192, 204, '2009-09-17', 'acquisizione', 78022, 35),
(270,196, 198, '2010-03-05', 'acquisizione', 79214, 36),
(271,189, 201, '2010-01-19', 'acquisizione', 72061, 37),
(272,189, 201, '2011-02-06', 'vendita', 72061, 37),
(273,197, 202, '2010-04-24', 'acquisizione', 19694, 38),
(274,197, 202, '2011-08-15', 'vendita', 19694, 38),
(275,206, 197, '2009-05-13', 'acquisizione', 20326, 39),
(276,193, 192, '2009-07-01', 'acquisizione', 33430, 40),
(277,197, 193, '2010-06-06', 'acquisizione', 78520, 41),
(278,197, 193, '2011-11-09', 'vendita', 78520, 41),
(279,203, 201, '2009-10-02', 'acquisizione', 72061, 42),
(280,203, 201, '2010-07-03', 'vendita', 72061, 42),
(281,203, 204, '2009-10-12', 'acquisizione', 78022, 43),
(282,203, 199, '2009-07-12', 'acquisizione', 68629, 44),
(283,211, 197, '2010-05-05', 'acquisizione', 20326, 45),
(284,211, 197, '2011-09-06', 'vendita', 20326, 45),
(285,200, 214, '2010-03-19', 'acquisizione', 39751, 46),
(286,198, 215, '2009-03-08', 'acquisizione', 13192, 47),
(287,198, 215, '2009-05-13', 'vendita', 13192, 47),
(288,206, 215, '2009-03-31', 'acquisizione', 13192, 48),
(289,206, 215, '2009-06-28', 'vendita', 13192, 48),
(290,209, 209, '2010-02-28', 'acquisizione', 28923, 49),
(291,210, 203, '2009-08-12', 'acquisizione', 50068, 0),
(292,212, 214, '2009-12-22', 'acquisizione', 39751, 1),
(293,212, 214, '2010-12-12', 'vendita', 39751, 1),
(294,204, 217, '2009-06-05', 'acquisizione', 73781, 2),
(295,218, 216, '2010-04-05', 'acquisizione', 46029, 3),
(296,218, 216, '2011-07-08', 'vendita', 46029, 3),
(297,208, 217, '2009-09-15', 'acquisizione', 73781, 4),
(298,208, 217, '2010-05-30', 'vendita', 73781, 4),
(299,220, 207, '2009-04-25', 'acquisizione', 33797, 5),
(300,220, 207, '2009-08-17', 'vendita', 33797, 5),
(301,223, 210, '2010-01-29', 'acquisizione', 21669, 6),
(302,223, 210, '2011-02-26', 'vendita', 21669, 6),
(303,226, 226, '2009-03-12', 'acquisizione', 62277, 7),
(304,226, 226, '2009-05-21', 'vendita', 62277, 7),
(305,225, 227, '2009-06-05', 'acquisizione', 15341, 8),
(306,225, 227, '2009-11-07', 'vendita', 15341, 8),
(307,221, 228, '2009-05-15', 'acquisizione', 46556, 9),
(308,221, 228, '2009-09-26', 'vendita', 46556, 9),
(309,224, 225, '2009-12-05', 'acquisizione', 30878, 10),
(310,223, 216, '2009-07-06', 'acquisizione', 46029, 11),
(311,213, 225, '2009-02-26', 'acquisizione', 30878, 12),
(312,213, 225, '2009-04-23', 'vendita', 30878, 12),
(313,216, 219, '2010-07-04', 'acquisizione', 29915, 13),
(314,216, 219, '2012-01-04', 'vendita', 29915, 13),
(315,227, 225, '2009-11-04', 'acquisizione', 30878, 14),
(316,232, 219, '2009-03-10', 'acquisizione', 29915, 15),
(317,232, 219, '2009-05-17', 'vendita', 29915, 15),
(318,232, 235, '2009-11-20', 'acquisizione', 61971, 16),
(319,221, 219, '2010-02-10', 'acquisizione', 29915, 17),
(320,224, 236, '2009-04-04', 'acquisizione', 39258, 18),
(321,223, 220, '2010-03-21', 'acquisizione', 22541, 19),
(322,223, 220, '2011-06-08', 'vendita', 22541, 19),
(323,227, 239, '2009-12-01', 'acquisizione', 60406, 20),
(324,238, 226, '2009-05-30', 'acquisizione', 62277, 21),
(325,238, 226, '2009-10-26', 'vendita', 62277, 21),
(326,226, 241, '2010-08-04', 'acquisizione', 54261, 22),
(327,224, 233, '2009-12-27', 'acquisizione', 79863, 23),
(328,241, 236, '2009-02-19', 'acquisizione', 39258, 24),
(329,233, 233, '2010-01-24', 'acquisizione', 79863, 25),
(330,231, 246, '2009-07-09', 'acquisizione', 32190, 26),
(331,238, 244, '2010-05-01', 'acquisizione', 50160, 27),
(332,231, 245, '2010-02-02', 'acquisizione', 42750, 28),
(333,240, 232, '2010-06-01', 'acquisizione', 10001, 29),
(334,236, 234, '2010-05-18', 'acquisizione', 10005, 30),
(335,236, 234, '2011-10-02', 'vendita', 10005, 30),
(336,245, 241, '2009-11-29', 'acquisizione', 54261, 31),
(337,243, 239, '2009-04-11', 'acquisizione', 60406, 32),
(338,243, 239, '2009-07-20', 'vendita', 60406, 32),
(339,240, 247, '2009-09-30', 'acquisizione', 54559, 33),
(340,251, 247, '2009-03-26', 'acquisizione', 54559, 34),
(341,251, 247, '2009-06-18', 'vendita', 54559, 34),
(342,244, 244, '2010-03-12', 'acquisizione', 50160, 35),
(343,244, 244, '2011-05-21', 'vendita', 50160, 35),
(344,239, 248, '2009-06-09', 'acquisizione', 62934, 36),
(345,239, 248, '2009-11-15', 'vendita', 62934, 36),
(346,243, 248, '2010-02-23', 'acquisizione', 62934, 37),
(347,258, 243, '2009-08-29', 'acquisizione', 59882, 38),
(348,240, 242, '2009-12-19', 'acquisizione', 12280, 39),
(349,240, 242, '2010-12-06', 'vendita', 12280, 39),
(350,247, 248, '2010-03-18', 'acquisizione', 62934, 40),
(351,244, 244, '2009-05-11', 'acquisizione', 50160, 41),
(352,244, 244, '2009-09-18', 'vendita', 50160, 41),
(353,255, 249, '2010-05-07', 'acquisizione', 10107, 42),
(354,255, 249, '2011-09-10', 'vendita', 10107, 42),
(355,254, 250, '2010-08-09', 'acquisizione', 75411, 43),
(356,262, 251, '2009-08-12', 'acquisizione', 63843, 44),
(357,249, 259, '2010-04-26', 'acquisizione', 64731, 45),
(358,249, 259, '2011-08-19', 'vendita', 64731, 45),
(359,253, 262, '2009-08-10', 'acquisizione', 44838, 46),
(360,253, 262, '2010-03-19', 'vendita', 44838, 46),
(361,249, 259, '2009-06-18', 'acquisizione', 64731, 47),
(362,265, 267, '2009-10-20', 'acquisizione', 79516, 48),
(363,269, 253, '2010-04-23', 'acquisizione', 44566, 49),
(364,269, 253, '2011-08-13', 'vendita', 44566, 49),
(365,261, 259, '2009-08-02', 'acquisizione', 64731, 0),
(366,261, 259, '2010-03-03', 'vendita', 64731, 0),
(367,255, 263, '2010-02-01', 'acquisizione', 47929, 1),
(368,271, 267, '2009-09-05', 'acquisizione', 79516, 2),
(369,257, 255, '2009-10-27', 'acquisizione', 14315, 3),
(370,261, 261, '2010-01-25', 'acquisizione', 75659, 4),
(371,269, 258, '2009-03-08', 'acquisizione', 34774, 5),
(372,266, 260, '2009-08-21', 'acquisizione', 36867, 6),
(373,258, 268, '2010-07-21', 'acquisizione', 35398, 7),
(374,270, 278, '2010-01-05', 'acquisizione', 72344, 8),
(375,262, 270, '2009-07-10', 'acquisizione', 48070, 9),
(376,262, 270, '2010-01-16', 'vendita', 48070, 9),
(377,276, 269, '2009-09-30', 'acquisizione', 66748, 10),
(378,276, 269, '2010-06-29', 'vendita', 66748, 10),
(379,272, 275, '2009-11-03', 'acquisizione', 52270, 11),
(380,276, 271, '2009-07-08', 'acquisizione', 24199, 12),
(381,269, 274, '2009-03-14', 'acquisizione', 13737, 13),
(382,274, 282, '2009-07-09', 'acquisizione', 50736, 14),
(383,274, 282, '2010-01-14', 'vendita', 50736, 14),
(384,280, 284, '2009-04-06', 'acquisizione', 71521, 15),
(385,278, 273, '2010-03-26', 'acquisizione', 19277, 16),
(386,277, 286, '2009-02-22', 'acquisizione', 50760, 17),
(387,272, 278, '2010-07-13', 'acquisizione', 72344, 18),
(388,272, 278, '2012-01-22', 'vendita', 72344, 18),
(389,288, 271, '2009-01-31', 'acquisizione', 24199, 19),
(390,288, 271, '2009-03-02', 'vendita', 24199, 19),
(391,277, 285, '2010-05-07', 'acquisizione', 32763, 20),
(392,276, 277, '2009-05-10', 'acquisizione', 39170, 21),
(393,276, 277, '2009-09-16', 'vendita', 39170, 21),
(394,288, 282, '2009-09-22', 'acquisizione', 50736, 22),
(395,288, 282, '2010-06-13', 'vendita', 50736, 22),
(396,292, 279, '2009-06-04', 'acquisizione', 50676, 23),
(397,285, 280, '2009-07-09', 'acquisizione', 12203, 24),
(398,285, 280, '2010-01-14', 'vendita', 12203, 24),
(399,283, 276, '2009-12-21', 'acquisizione', 15314, 25),
(400,283, 276, '2010-12-10', 'vendita', 15314, 25),
(401,290, 285, '2010-02-09', 'acquisizione', 32763, 26),
(402,287, 291, '2010-06-25', 'acquisizione', 26756, 27),
(403,287, 291, '2011-12-17', 'vendita', 26756, 27),
(404,287, 282, '2010-07-23', 'acquisizione', 50736, 28),
(405,287, 282, '2012-02-11', 'vendita', 50736, 28),
(406,291, 287, '2009-04-11', 'acquisizione', 54906, 29),
(407,291, 287, '2009-07-20', 'vendita', 54906, 29),
(408,295, 284, '2009-07-09', 'acquisizione', 71521, 30),
(409,295, 284, '2010-01-14', 'vendita', 71521, 30),
(410,298, 300, '2009-09-30', 'acquisizione', 75663, 31),
(411,302, 294, '2010-03-28', 'acquisizione', 43953, 32),
(412,301, 299, '2010-06-06', 'acquisizione', 63951, 33),
(413,304, 297, '2010-01-23', 'acquisizione', 61990, 34),
(414,304, 297, '2011-02-14', 'vendita', 61990, 34),
(415,290, 293, '2010-05-04', 'acquisizione', 38997, 35),
(416,305, 296, '2009-11-08', 'acquisizione', 78406, 36),
(417,299, 291, '2010-07-20', 'acquisizione', 26756, 37),
(418,299, 291, '2012-02-05', 'vendita', 26756, 37),
(419,293, 301, '2010-02-09', 'acquisizione', 70835, 38),
(420,308, 293, '2009-08-07', 'acquisizione', 38997, 39),
(421,308, 293, '2010-03-13', 'vendita', 38997, 39),
(422,305, 300, '2009-06-16', 'acquisizione', 75663, 40),
(423,305, 300, '2009-11-29', 'vendita', 75663, 40),
(424,311, 302, '2010-03-09', 'acquisizione', 62805, 41),
(425,311, 302, '2011-05-15', 'vendita', 62805, 41),
(426,297, 302, '2010-08-10', 'acquisizione', 62805, 42),
(427,297, 302, '2012-03-18', 'vendita', 62805, 42),
(428,309, 306, '2009-11-26', 'acquisizione', 59959, 43),
(429,309, 306, '2010-10-21', 'vendita', 59959, 43),
(430,307, 307, '2010-01-02', 'acquisizione', 46505, 44),
(431,307, 307, '2011-01-03', 'vendita', 46505, 44),
(432,305, 314, '2010-01-03', 'acquisizione', 59221, 45),
(433,305, 314, '2011-01-05', 'vendita', 59221, 45),
(434,309, 314, '2009-03-27', 'acquisizione', 59221, 46),
(435,309, 314, '2009-06-20', 'vendita', 59221, 46),
(436,315, 312, '2009-04-13', 'acquisizione', 34367, 47),
(437,315, 312, '2009-07-24', 'vendita', 34367, 47),
(438,316, 303, '2009-08-04', 'acquisizione', 13867, 48),
(439,316, 303, '2010-03-07', 'vendita', 13867, 48),
(440,300, 314, '2009-02-21', 'acquisizione', 59221, 49),
(441,300, 314, '2009-04-13', 'vendita', 59221, 49),
(442,304, 309, '2009-07-23', 'acquisizione', 17921, 0),
(443,304, 309, '2010-02-11', 'vendita', 17921, 0),
(444,303, 313, '2009-09-06', 'acquisizione', 49746, 1),
(445,304, 309, '2010-02-25', 'acquisizione', 17921, 2),
(446,304, 309, '2011-04-21', 'vendita', 17921, 2),
(447,311, 315, '2010-04-26', 'acquisizione', 46181, 3),
(448,310, 323, '2009-09-24', 'acquisizione', 16558, 4),
(449,310, 323, '2010-06-17', 'vendita', 16558, 4),
(450,313, 311, '2009-08-18', 'acquisizione', 49292, 5),
(451,326, 323, '2009-08-16', 'acquisizione', 16558, 6),
(452,325, 321, '2009-03-18', 'acquisizione', 47230, 7),
(453,325, 321, '2009-06-02', 'vendita', 47230, 7),
(454,319, 319, '2009-11-16', 'acquisizione', 16566, 8),
(455,313, 328, '2009-02-18', 'acquisizione', 73426, 9),
(456,313, 328, '2009-04-07', 'vendita', 73426, 9),
(457,319, 325, '2009-03-13', 'acquisizione', 35782, 10),
(458,316, 330, '2009-12-01', 'acquisizione', 72291, 11),
(459,329, 317, '2010-03-30', 'acquisizione', 40918, 12),
(460,329, 317, '2011-06-26', 'vendita', 40918, 12),
(461,331, 318, '2010-04-30', 'acquisizione', 26869, 13),
(462,331, 318, '2011-08-27', 'vendita', 26869, 13),
(463,322, 330, '2009-07-15', 'acquisizione', 72291, 14),
(464,318, 325, '2010-07-19', 'acquisizione', 35782, 15),
(465,318, 325, '2012-02-03', 'vendita', 35782, 15),
(466,321, 332, '2009-09-14', 'acquisizione', 75110, 16),
(467,330, 323, '2010-01-21', 'acquisizione', 16558, 17),
(468,330, 323, '2011-02-10', 'vendita', 16558, 17),
(469,334, 335, '2010-03-16', 'acquisizione', 67604, 18),
(470,338, 329, '2009-05-15', 'acquisizione', 56523, 19),
(471,338, 338, '2009-08-13', 'acquisizione', 29918, 20),
(472,339, 331, '2010-06-25', 'acquisizione', 78310, 21),
(473,339, 331, '2011-12-17', 'vendita', 78310, 21),
(474,328, 332, '2009-02-17', 'acquisizione', 75110, 22),
(475,328, 332, '2009-04-05', 'vendita', 75110, 22),
(476,339, 335, '2010-05-28', 'acquisizione', 67604, 23),
(477,339, 335, '2011-10-22', 'vendita', 67604, 23),
(478,332, 325, '2009-05-07', 'acquisizione', 35782, 24),
(479,332, 325, '2009-09-10', 'vendita', 35782, 24),
(480,335, 340, '2010-02-25', 'acquisizione', 57896, 25),
(481,335, 340, '2011-04-21', 'vendita', 57896, 25),
(482,346, 346, '2010-01-14', 'acquisizione', 43642, 26),
(483,343, 344, '2009-05-16', 'acquisizione', 20593, 27),
(484,347, 345, '2009-07-16', 'acquisizione', 57345, 28),
(485,347, 345, '2010-01-28', 'vendita', 57345, 28),
(486,343, 346, '2010-02-16', 'acquisizione', 43642, 29),
(487,343, 346, '2011-04-03', 'vendita', 43642, 29),
(488,345, 347, '2009-04-11', 'acquisizione', 28871, 30),
(489,345, 347, '2009-07-20', 'vendita', 28871, 30),
(490,347, 332, '2009-05-03', 'acquisizione', 75110, 31),
(491,335, 335, '2010-03-02', 'acquisizione', 67604, 32),
(492,340, 337, '2009-03-06', 'acquisizione', 27856, 33),
(493,335, 344, '2010-05-24', 'acquisizione', 20593, 34),
(494,351, 353, '2010-05-24', 'acquisizione', 35531, 35),
(495,349, 346, '2009-11-18', 'acquisizione', 43642, 36),
(496,349, 346, '2010-10-05', 'vendita', 43642, 36),
(497,342, 348, '2009-11-08', 'acquisizione', 11734, 37),
(498,345, 349, '2009-09-01', 'acquisizione', 59854, 38),
(499,345, 349, '2010-05-02', 'vendita', 59854, 38),
(500,345, 342, '2009-08-17', 'acquisizione', 29090, 39),
(501,345, 342, '2010-04-02', 'vendita', 29090, 39),
(502,354, 357, '2010-04-01', 'acquisizione', 42679, 40),
(503,354, 357, '2011-06-30', 'vendita', 42679, 40),
(504,359, 357, '2010-01-12', 'acquisizione', 42679, 41),
(505,359, 357, '2011-01-23', 'vendita', 42679, 41),
(506,354, 355, '2010-01-24', 'acquisizione', 74876, 42),
(507,354, 355, '2011-02-16', 'vendita', 74876, 42),
(508,358, 356, '2010-08-14', 'acquisizione', 68874, 43),
(509,358, 356, '2012-03-26', 'vendita', 68874, 43),
(510,349, 347, '2010-05-14', 'acquisizione', 28871, 44),
(511,364, 361, '2010-02-09', 'acquisizione', 25513, 45),
(512,364, 361, '2011-03-20', 'vendita', 25513, 45),
(513,357, 352, '2009-06-08', 'acquisizione', 18688, 46),
(514,357, 352, '2009-11-13', 'vendita', 18688, 46),
(515,358, 363, '2009-06-28', 'acquisizione', 76352, 47),
(516,359, 366, '2009-05-07', 'acquisizione', 29264, 48),
(517,368, 355, '2010-01-29', 'acquisizione', 74876, 49),
(518,362, 352, '2009-06-03', 'acquisizione', 18688, 0),
(519,364, 364, '2010-06-09', 'acquisizione', 42381, 1),
(520,364, 364, '2011-11-15', 'vendita', 42381, 1),
(521,372, 358, '2010-04-11', 'acquisizione', 79240, 2),
(522,372, 358, '2011-07-20', 'vendita', 79240, 2),
(523,362, 362, '2009-06-07', 'acquisizione', 41382, 3),
(524,362, 362, '2009-11-11', 'vendita', 41382, 3),
(525,373, 367, '2010-03-03', 'acquisizione', 15011, 4),
(526,373, 364, '2010-04-13', 'acquisizione', 42381, 5),
(527,373, 364, '2011-07-24', 'vendita', 42381, 5),
(528,360, 371, '2010-02-25', 'acquisizione', 40656, 6),
(529,360, 371, '2011-04-21', 'vendita', 40656, 6),
(530,371, 369, '2009-08-23', 'acquisizione', 36566, 7),
(531,371, 369, '2010-04-14', 'vendita', 36566, 7),
(532,372, 368, '2010-01-26', 'acquisizione', 72330, 8),
(533,372, 368, '2011-02-20', 'vendita', 72330, 8),
(534,374, 365, '2010-04-03', 'acquisizione', 68410, 9),
(535,374, 365, '2011-07-04', 'vendita', 68410, 9),
(536,377, 361, '2009-03-02', 'acquisizione', 25513, 10),
(537,377, 361, '2009-05-01', 'vendita', 25513, 10),
(538,371, 380, '2009-04-09', 'acquisizione', 34919, 11),
(539,371, 380, '2009-07-16', 'vendita', 34919, 11),
(540,378, 370, '2009-11-11', 'acquisizione', 25409, 12),
(541,373, 382, '2009-09-09', 'acquisizione', 24040, 13),
(542,378, 383, '2010-07-18', 'acquisizione', 66520, 14),
(543,384, 384, '2009-05-25', 'acquisizione', 20461, 15),
(544,376, 383, '2010-02-15', 'acquisizione', 66520, 16),
(545,383, 383, '2009-10-15', 'acquisizione', 66520, 17),
(546,383, 383, '2010-07-29', 'vendita', 66520, 17),
(547,376, 382, '2009-02-22', 'acquisizione', 24040, 18),
(548,379, 370, '2009-05-30', 'acquisizione', 25409, 19),
(549,379, 370, '2009-10-26', 'vendita', 25409, 19),
(550,372, 387, '2010-01-11', 'acquisizione', 31992, 20),
(551,372, 387, '2011-01-21', 'vendita', 31992, 20),
(552,386, 384, '2009-05-05', 'acquisizione', 20461, 21),
(553,392, 391, '2009-09-26', 'acquisizione', 56394, 22),
(554,392, 391, '2010-06-21', 'vendita', 56394, 22),
(555,388, 388, '2010-03-31', 'acquisizione', 71818, 23),
(556,387, 381, '2009-07-17', 'acquisizione', 39095, 24),
(557,389, 377, '2009-02-06', 'acquisizione', 76773, 25),
(558,382, 388, '2009-04-04', 'acquisizione', 71818, 26),
(559,382, 388, '2009-07-06', 'vendita', 71818, 26),
(560,394, 384, '2009-12-29', 'acquisizione', 20461, 27),
(561,381, 397, '2010-08-02', 'acquisizione', 16148, 28),
(562,381, 397, '2012-03-02', 'vendita', 16148, 28),
(563,388, 397, '2009-04-15', 'acquisizione', 16148, 29),
(564,399, 400, '2009-06-09', 'acquisizione', 64224, 30),
(565,399, 385, '2010-06-02', 'acquisizione', 30215, 31),
(566,400, 393, '2010-06-24', 'acquisizione', 51724, 32),
(567,400, 393, '2011-12-15', 'vendita', 51724, 32),
(568,385, 398, '2010-01-09', 'acquisizione', 14435, 33),
(569,396, 392, '2010-03-24', 'acquisizione', 72250, 34),
(570,392, 401, '2009-03-22', 'acquisizione', 30144, 35),
(571,392, 401, '2009-06-10', 'vendita', 30144, 35),
(572,389, 389, '2009-06-29', 'acquisizione', 77535, 36),
(573,406, 389, '2010-07-31', 'acquisizione', 77535, 37),
(574,402, 399, '2009-11-28', 'acquisizione', 32659, 38),
(575,402, 399, '2010-10-25', 'vendita', 32659, 38),
(576,401, 405, '2009-06-10', 'acquisizione', 27545, 39),
(577,400, 398, '2009-08-04', 'acquisizione', 14435, 40),
(578,400, 398, '2010-03-07', 'vendita', 14435, 40),
(579,401, 404, '2009-02-13', 'acquisizione', 26215, 41),
(580,401, 404, '2009-03-28', 'vendita', 26215, 41),
(581,406, 406, '2010-07-05', 'acquisizione', 27853, 42),
(582,406, 406, '2012-01-06', 'vendita', 27853, 42),
(583,398, 407, '2009-03-22', 'acquisizione', 11384, 43),
(584,398, 407, '2009-06-10', 'vendita', 11384, 43),
(585,403, 401, '2009-02-28', 'acquisizione', 30144, 44),
(586,403, 401, '2009-04-27', 'vendita', 30144, 44),
(587,396, 400, '2010-04-30', 'acquisizione', 64224, 45),
(588,396, 400, '2011-08-27', 'vendita', 64224, 45),
(589,410, 409, '2010-04-03', 'acquisizione', 57230, 46),
(590,410, 409, '2011-07-04', 'vendita', 57230, 46),
(591,400, 415, '2009-09-28', 'acquisizione', 34494, 47),
(592,415, 402, '2009-11-11', 'acquisizione', 63124, 48),
(593,415, 402, '2010-09-21', 'vendita', 63124, 48),
(594,418, 406, '2010-06-03', 'acquisizione', 27853, 49),
(595,418, 406, '2011-11-03', 'vendita', 27853, 49),
(596,407, 411, '2009-05-14', 'acquisizione', 67435, 0),
(597,407, 411, '2009-09-24', 'vendita', 67435, 0),
(598,421, 416, '2010-01-31', 'acquisizione', 47976, 1),
(599,421, 406, '2010-02-25', 'acquisizione', 27853, 2),
(600,419, 414, '2009-03-06', 'acquisizione', 52351, 3),
(601,419, 414, '2009-05-09', 'vendita', 52351, 3),
(602,408, 410, '2009-12-12', 'acquisizione', 66821, 4),
(603,408, 410, '2010-11-22', 'vendita', 66821, 4),
(604,421, 410, '2009-05-27', 'acquisizione', 66821, 5),
(605,421, 410, '2009-10-20', 'vendita', 66821, 5),
(606,417, 412, '2009-02-20', 'acquisizione', 62597, 6),
(607,417, 412, '2009-04-11', 'vendita', 62597, 6),
(608,414, 409, '2010-04-24', 'acquisizione', 57230, 7),
(609,414, 409, '2011-08-15', 'vendita', 57230, 7),
(610,420, 411, '2010-06-16', 'acquisizione', 67435, 8),
(611,412, 414, '2010-07-29', 'acquisizione', 52351, 9),
(612,424, 419, '2010-03-15', 'acquisizione', 25268, 10),
(613,418, 427, '2010-07-08', 'acquisizione', 70220, 11),
(614,427, 419, '2010-01-20', 'acquisizione', 25268, 12),
(615,421, 424, '2009-06-20', 'acquisizione', 36620, 13),
(616,421, 424, '2009-12-07', 'vendita', 36620, 13),
(617,422, 424, '2009-10-25', 'acquisizione', 36620, 14),
(618,430, 423, '2010-03-14', 'acquisizione', 73123, 15),
(619,426, 431, '2009-12-29', 'acquisizione', 39958, 16),
(620,423, 435, '2010-08-02', 'acquisizione', 22504, 17),
(621,421, 433, '2010-06-01', 'acquisizione', 45771, 18),
(622,421, 433, '2011-10-30', 'vendita', 45771, 18),
(623,428, 428, '2010-02-07', 'acquisizione', 71914, 19),
(624,436, 430, '2009-05-07', 'acquisizione', 14360, 20),
(625,422, 427, '2010-08-14', 'acquisizione', 70220, 21),
(626,422, 427, '2012-03-26', 'vendita', 70220, 21),
(627,423, 438, '2010-07-31', 'acquisizione', 53503, 22),
(628,426, 436, '2009-03-18', 'acquisizione', 57278, 23),
(629,437, 426, '2009-09-30', 'acquisizione', 67814, 24),
(630,432, 436, '2009-12-18', 'acquisizione', 57278, 25),
(631,440, 430, '2009-08-27', 'acquisizione', 14360, 26),
(632,443, 434, '2010-05-20', 'acquisizione', 14527, 27),
(633,436, 431, '2010-04-18', 'acquisizione', 39958, 28),
(634,439, 442, '2009-08-08', 'acquisizione', 25199, 29),
(635,439, 442, '2010-03-15', 'vendita', 25199, 29),
(636,435, 441, '2010-01-23', 'acquisizione', 75595, 30),
(637,435, 441, '2011-02-14', 'vendita', 75595, 30),
(638,440, 433, '2010-07-30', 'acquisizione', 45771, 31),
(639,448, 438, '2009-07-02', 'acquisizione', 53503, 32),
(640,448, 438, '2009-12-31', 'vendita', 53503, 32),
(641,435, 438, '2009-02-24', 'acquisizione', 53503, 33),
(642,443, 435, '2010-01-05', 'acquisizione', 22504, 34),
(643,441, 441, '2009-11-15', 'acquisizione', 75595, 35),
(644,441, 441, '2010-09-29', 'vendita', 75595, 35),
(645,454, 454, '2009-12-25', 'acquisizione', 71733, 36),
(646,454, 454, '2010-12-18', 'vendita', 71733, 36),
(647,446, 450, '2009-07-08', 'acquisizione', 51946, 37),
(648,453, 449, '2010-07-28', 'acquisizione', 68721, 38),
(649,453, 448, '2010-06-06', 'acquisizione', 33803, 39),
(650,453, 448, '2011-11-09', 'vendita', 33803, 39),
(651,441, 448, '2010-07-29', 'acquisizione', 33803, 40),
(652,447, 452, '2009-11-01', 'acquisizione', 35753, 41),
(653,459, 448, '2009-12-25', 'acquisizione', 33803, 42),
(654,459, 448, '2010-12-18', 'vendita', 33803, 42),
(655,446, 463, '2009-10-21', 'acquisizione', 57436, 43),
(656,446, 463, '2010-08-10', 'vendita', 57436, 43),
(657,452, 455, '2010-05-18', 'acquisizione', 41737, 44),
(658,454, 455, '2009-12-08', 'acquisizione', 41737, 45),
(659,454, 455, '2010-11-14', 'vendita', 41737, 45),
(660,455, 451, '2009-10-08', 'acquisizione', 35714, 46),
(661,455, 451, '2010-07-15', 'vendita', 35714, 46),
(662,465, 449, '2010-05-02', 'acquisizione', 68721, 47),
(663,465, 449, '2011-08-31', 'vendita', 68721, 47),
(664,450, 449, '2009-06-09', 'acquisizione', 68721, 48),
(665,450, 449, '2009-11-15', 'vendita', 68721, 48),
(666,451, 459, '2010-08-13', 'acquisizione', 21013, 49),
(667,468, 468, '2010-04-07', 'acquisizione', 28632, 0),
(668,468, 468, '2011-07-12', 'vendita', 28632, 0),
(669,463, 463, '2010-01-30', 'acquisizione', 57436, 1),
(670,463, 463, '2011-02-28', 'vendita', 57436, 1),
(671,457, 467, '2009-06-22', 'acquisizione', 62508, 2),
(672,457, 467, '2009-12-11', 'vendita', 62508, 2),
(673,462, 465, '2010-04-24', 'acquisizione', 57895, 3),
(674,462, 465, '2011-08-15', 'vendita', 57895, 3),
(675,470, 474, '2009-02-14', 'acquisizione', 66810, 4),
(676,458, 471, '2010-08-06', 'acquisizione', 20968, 5),
(677,476, 475, '2009-12-31', 'acquisizione', 35640, 6),
(678,476, 476, '2010-03-02', 'acquisizione', 11521, 7),
(679,463, 472, '2010-04-24', 'acquisizione', 66355, 8),
(680,463, 472, '2011-08-15', 'vendita', 66355, 8),
(681,470, 470, '2010-07-17', 'acquisizione', 77836, 9),
(682,462, 479, '2010-08-12', 'acquisizione', 56354, 10),
(683,480, 479, '2009-02-17', 'acquisizione', 56354, 11),
(684,473, 481, '2009-12-26', 'acquisizione', 24971, 12),
(685,483, 468, '2009-09-01', 'acquisizione', 28632, 13),
(686,476, 481, '2009-06-11', 'acquisizione', 24971, 14),
(687,479, 476, '2009-08-19', 'acquisizione', 11521, 15),
(688,479, 476, '2010-04-06', 'vendita', 11521, 15),
(689,477, 480, '2009-12-28', 'acquisizione', 69864, 16),
(690,468, 484, '2010-03-23', 'acquisizione', 56967, 17),
(691,479, 476, '2010-03-10', 'acquisizione', 11521, 18),
(692,479, 476, '2011-05-17', 'vendita', 11521, 18),
(693,481, 485, '2010-05-21', 'acquisizione', 25900, 19),
(694,481, 485, '2011-10-08', 'vendita', 25900, 19),
(695,474, 471, '2009-11-16', 'acquisizione', 20968, 20),
(696,474, 471, '2010-10-01', 'vendita', 20968, 20),
(697,483, 488, '2009-05-03', 'acquisizione', 49099, 21),
(698,482, 481, '2009-03-18', 'acquisizione', 24971, 22),
(699,486, 490, '2009-05-29', 'acquisizione', 46174, 23),
(700,486, 490, '2009-10-24', 'vendita', 46174, 23),
(701,487, 487, '2009-09-29', 'acquisizione', 70007, 24),
(702,487, 487, '2010-06-27', 'vendita', 70007, 24),
(703,479, 492, '2009-06-20', 'acquisizione', 79920, 25),
(704,479, 492, '2009-12-07', 'vendita', 79920, 25),
(705,482, 491, '2010-04-06', 'acquisizione', 34605, 26),
(706,482, 491, '2011-07-10', 'vendita', 34605, 26),
(707,487, 478, '2010-07-03', 'acquisizione', 12477, 27),
(708,487, 478, '2012-01-02', 'vendita', 12477, 27),
(709,489, 487, '2009-07-12', 'acquisizione', 70007, 28),
(710,489, 487, '2010-01-20', 'vendita', 70007, 28),
(711,481, 482, '2009-09-07', 'acquisizione', 35475, 29),
(712,481, 482, '2010-05-14', 'vendita', 35475, 29),
(713,494, 488, '2010-01-05', 'acquisizione', 49099, 30),
(714,494, 488, '2011-01-09', 'vendita', 49099, 30),
(715,493, 492, '2009-04-25', 'acquisizione', 79920, 31),
(716,493, 492, '2009-08-17', 'vendita', 79920, 31),
(717,483, 483, '2009-11-24', 'acquisizione', 25967, 32),
(718,498, 496, '2010-02-09', 'acquisizione', 53194, 33),
(719,498, 496, '2011-03-20', 'vendita', 53194, 33),
(720,493, 504, '2010-02-16', 'acquisizione', 38341, 34),
(721,493, 504, '2011-04-03', 'vendita', 38341, 34),
(722,489, 491, '2009-11-25', 'acquisizione', 34605, 35),
(723,489, 491, '2010-10-19', 'vendita', 34605, 35),
(724,498, 505, '2010-07-14', 'acquisizione', 55433, 36),
(725,498, 505, '2012-01-24', 'vendita', 55433, 36),
(726,500, 505, '2009-05-25', 'acquisizione', 55433, 37),
(727,499, 494, '2009-03-18', 'acquisizione', 45367, 38),
(728,499, 494, '2009-06-02', 'vendita', 45367, 38),
(729,491, 508, '2010-05-11', 'acquisizione', 50490, 39),
(730,507, 497, '2009-09-03', 'acquisizione', 38092, 40),
(731,507, 497, '2010-05-06', 'vendita', 38092, 40),
(732,493, 494, '2010-03-13', 'acquisizione', 45367, 41),
(733,493, 494, '2011-05-23', 'vendita', 45367, 41),
(734,495, 500, '2009-02-14', 'acquisizione', 35708, 42),
(735,495, 500, '2009-03-30', 'vendita', 35708, 42),
(736,510, 506, '2010-07-13', 'acquisizione', 47944, 43),
(737,510, 506, '2012-01-22', 'vendita', 47944, 43),
(738,506, 496, '2009-09-11', 'acquisizione', 53194, 44),
(739,506, 511, '2010-02-16', 'acquisizione', 23546, 45),
(740,508, 505, '2009-11-11', 'acquisizione', 55433, 46),
(741,515, 501, '2009-09-03', 'acquisizione', 65547, 47),
(742,518, 504, '2010-03-10', 'acquisizione', 38341, 48),
(743,518, 504, '2011-05-17', 'vendita', 38341, 48),
(744,502, 505, '2009-07-01', 'acquisizione', 55433, 49),
(745,515, 502, '2010-08-16', 'acquisizione', 74073, 0),
(746,506, 508, '2009-09-04', 'acquisizione', 50490, 1),
(747,506, 508, '2010-05-08', 'vendita', 50490, 1),
(748,517, 506, '2009-04-05', 'acquisizione', 47944, 2),
(749,517, 505, '2009-06-09', 'acquisizione', 55433, 3),
(750,517, 505, '2009-11-15', 'vendita', 55433, 3),
(751,517, 518, '2010-05-05', 'acquisizione', 70819, 4),
(752,517, 518, '2011-09-06', 'vendita', 70819, 4),
(753,516, 520, '2010-04-13', 'acquisizione', 76010, 5),
(754,523, 510, '2010-08-03', 'acquisizione', 44189, 6),
(755,515, 524, '2009-10-05', 'acquisizione', 44396, 7),
(756,515, 524, '2010-07-09', 'vendita', 44396, 7),
(757,520, 516, '2009-08-20', 'acquisizione', 32547, 8),
(758,529, 523, '2009-09-11', 'acquisizione', 75239, 9),
(759,519, 517, '2010-04-08', 'acquisizione', 27887, 10),
(760,519, 517, '2011-07-14', 'vendita', 27887, 10),
(761,529, 531, '2009-11-20', 'acquisizione', 54024, 11),
(762,529, 531, '2010-10-09', 'vendita', 54024, 11),
(763,524, 526, '2009-11-21', 'acquisizione', 37188, 12),
(764,524, 526, '2010-10-11', 'vendita', 37188, 12),
(765,520, 527, '2010-07-29', 'acquisizione', 29080, 13),
(766,527, 527, '2010-02-24', 'acquisizione', 29080, 14),
(767,527, 527, '2011-04-19', 'vendita', 29080, 14),
(768,518, 532, '2009-06-01', 'acquisizione', 59605, 15),
(769,524, 531, '2010-05-26', 'acquisizione', 54024, 16),
(770,522, 526, '2009-05-08', 'acquisizione', 37188, 17),
(771,522, 526, '2009-09-12', 'vendita', 37188, 17),
(772,537, 524, '2009-10-28', 'acquisizione', 44396, 18),
(773,529, 525, '2010-01-30', 'acquisizione', 21270, 19),
(774,529, 525, '2011-02-28', 'vendita', 21270, 19),
(775,532, 528, '2009-07-23', 'acquisizione', 38493, 20),
(776,532, 528, '2010-02-11', 'vendita', 38493, 20),
(777,529, 539, '2009-09-12', 'acquisizione', 33202, 21),
(778,530, 541, '2010-02-18', 'acquisizione', 15247, 22),
(779,542, 540, '2010-03-13', 'acquisizione', 68169, 23),
(780,543, 542, '2010-04-19', 'acquisizione', 73320, 24),
(781,526, 526, '2009-11-18', 'acquisizione', 37188, 25),
(782,527, 541, '2009-03-30', 'acquisizione', 15247, 26),
(783,527, 541, '2009-06-26', 'vendita', 15247, 26),
(784,545, 546, '2010-04-19', 'acquisizione', 59517, 27),
(785,545, 546, '2011-08-05', 'vendita', 59517, 27),
(786,537, 532, '2010-06-21', 'acquisizione', 59605, 28),
(787,537, 532, '2011-12-09', 'vendita', 59605, 28),
(788,537, 545, '2010-01-07', 'acquisizione', 58827, 29),
(789,534, 541, '2010-07-30', 'acquisizione', 15247, 30),
(790,547, 539, '2009-02-05', 'acquisizione', 33202, 31),
(791,546, 542, '2009-07-07', 'acquisizione', 73320, 32),
(792,535, 542, '2009-07-11', 'acquisizione', 73320, 33),
(793,539, 545, '2009-02-18', 'acquisizione', 58827, 34),
(794,549, 551, '2009-11-12', 'acquisizione', 62937, 35),
(795,551, 546, '2009-09-13', 'acquisizione', 59517, 36),
(796,551, 546, '2010-05-26', 'vendita', 59517, 36),
(797,539, 538, '2010-07-27', 'acquisizione', 32299, 37),
(798,539, 538, '2012-02-19', 'vendita', 32299, 37),
(799,550, 548, '2010-06-14', 'acquisizione', 12362, 38),
(800,547, 542, '2010-05-19', 'acquisizione', 73320, 39),
(801,547, 542, '2011-10-04', 'vendita', 73320, 39),
(802,547, 554, '2009-06-11', 'acquisizione', 66907, 40),
(803,547, 554, '2009-11-19', 'vendita', 66907, 40),
(804,550, 545, '2010-01-17', 'acquisizione', 58827, 41),
(805,550, 545, '2011-02-02', 'vendita', 58827, 41),
(806,559, 548, '2010-08-10', 'acquisizione', 12362, 42),
(807,561, 545, '2010-05-01', 'acquisizione', 58827, 43),
(808,561, 545, '2011-08-29', 'vendita', 58827, 43),
(809,554, 564, '2009-06-18', 'acquisizione', 48965, 44),
(810,554, 564, '2009-12-03', 'vendita', 48965, 44),
(811,555, 550, '2009-08-22', 'acquisizione', 19692, 45),
(812,561, 552, '2009-05-11', 'acquisizione', 74375, 46),
(813,561, 552, '2009-09-18', 'vendita', 74375, 46),
(814,560, 548, '2009-06-05', 'acquisizione', 12362, 47),
(815,549, 567, '2010-01-15', 'acquisizione', 26725, 48),
(816,561, 564, '2010-07-06', 'acquisizione', 48965, 49),
(817,552, 567, '2010-02-21', 'acquisizione', 26725, 0),
(818,560, 559, '2009-03-24', 'acquisizione', 56685, 1),
(819,572, 557, '2010-02-24', 'acquisizione', 55053, 2),
(820,561, 573, '2009-02-21', 'acquisizione', 61131, 3),
(821,573, 567, '2009-10-10', 'acquisizione', 26725, 4),
(822,568, 566, '2010-04-19', 'acquisizione', 48488, 5),
(823,568, 566, '2011-08-05', 'vendita', 48488, 5),
(824,558, 566, '2009-05-04', 'acquisizione', 48488, 6),
(825,558, 566, '2009-09-04', 'vendita', 48488, 6),
(826,558, 577, '2010-07-10', 'acquisizione', 23600, 7),
(827,558, 577, '2012-01-16', 'vendita', 23600, 7),
(828,573, 565, '2010-02-27', 'acquisizione', 15817, 8),
(829,573, 565, '2011-04-25', 'vendita', 15817, 8),
(830,577, 567, '2010-04-22', 'acquisizione', 26725, 9),
(831,577, 567, '2011-08-11', 'vendita', 26725, 9),
(832,566, 569, '2009-05-22', 'acquisizione', 25814, 10),
(833,566, 569, '2009-10-10', 'vendita', 25814, 10),
(834,565, 577, '2010-07-28', 'acquisizione', 23600, 11),
(835,581, 579, '2009-11-24', 'acquisizione', 75161, 12),
(836,581, 574, '2010-01-09', 'acquisizione', 55261, 13),
(837,581, 574, '2011-01-17', 'vendita', 55261, 13),
(838,568, 578, '2009-10-15', 'acquisizione', 44253, 14),
(839,584, 575, '2010-06-03', 'acquisizione', 77322, 15),
(840,584, 575, '2011-11-03', 'vendita', 77322, 15),
(841,568, 569, '2010-02-23', 'acquisizione', 25814, 16),
(842,575, 574, '2009-03-22', 'acquisizione', 55261, 17),
(843,575, 574, '2009-06-10', 'vendita', 55261, 17),
(844,571, 572, '2010-03-16', 'acquisizione', 21229, 18),
(845,571, 572, '2011-05-29', 'vendita', 21229, 18),
(846,589, 589, '2009-02-06', 'acquisizione', 21036, 19),
(847,589, 589, '2009-03-14', 'vendita', 21036, 19),
(848,571, 574, '2009-02-28', 'acquisizione', 55261, 20),
(849,571, 574, '2009-04-27', 'vendita', 55261, 20),
(850,589, 576, '2009-05-09', 'acquisizione', 70196, 21),
(851,590, 583, '2009-03-24', 'acquisizione', 78104, 22),
(852,590, 583, '2009-06-14', 'vendita', 78104, 22),
(853,586, 588, '2009-02-13', 'acquisizione', 75610, 23),
(854,586, 588, '2009-03-28', 'vendita', 75610, 23),
(855,589, 586, '2010-04-08', 'acquisizione', 75230, 24),
(856,589, 586, '2011-07-14', 'vendita', 75230, 24),
(857,589, 581, '2009-12-23', 'acquisizione', 58574, 25),
(858,587, 593, '2009-12-26', 'acquisizione', 73506, 26),
(859,593, 595, '2009-12-18', 'acquisizione', 39685, 27),
(860,593, 595, '2010-12-04', 'vendita', 39685, 27),
(861,592, 588, '2009-11-27', 'acquisizione', 75610, 28),
(862,592, 588, '2010-10-23', 'vendita', 75610, 28),
(863,598, 585, '2009-07-19', 'acquisizione', 23813, 29),
(864,598, 585, '2010-02-03', 'vendita', 23813, 29),
(865,582, 587, '2009-05-26', 'acquisizione', 40581, 30),
(866,582, 587, '2009-10-18', 'vendita', 40581, 30),
(867,594, 599, '2009-05-11', 'acquisizione', 39769, 31),
(868,593, 595, '2009-10-28', 'acquisizione', 39685, 32),
(869,593, 595, '2010-08-24', 'vendita', 39685, 32),
(870,1, 589, '2010-04-05', 'acquisizione', 21036, 33),
(871,1, 589, '2011-07-08', 'vendita', 21036, 33),
(872,596, 600, '2010-08-09', 'acquisizione', 71850, 34),
(873,596, 600, '2012-03-16', 'vendita', 71850, 34),
(874,599, 603, '2009-03-10', 'acquisizione', 29869, 35),
(875,594, 588, '2009-09-07', 'acquisizione', 75610, 36),
(876,594, 588, '2010-05-14', 'vendita', 75610, 36),
(877,6, 592, '2010-06-02', 'acquisizione', 57304, 37),
(878,593, 608, '2009-03-02', 'acquisizione', 75760, 38),
(879,598, 605, '2009-08-13', 'acquisizione', 20831, 39),
(880,598, 606, '2009-10-13', 'acquisizione', 32492, 40),
(881,598, 606, '2010-07-25', 'vendita', 32492, 40),
(882,4, 608, '2009-05-11', 'acquisizione', 75760, 41),
(883,4, 608, '2009-09-18', 'vendita', 75760, 41),
(884,6, 603, '2009-02-06', 'acquisizione', 29869, 42),
(885,599, 596, '2009-04-20', 'acquisizione', 24888, 43),
(886,13, 611, '2009-04-08', 'acquisizione', 22757, 44),
(887,4, 614, '2009-08-10', 'acquisizione', 43240, 45),
(888,14, 605, '2010-02-02', 'acquisizione', 20831, 46),
(889,14, 605, '2011-03-06', 'vendita', 20831, 46),
(890,5, 598, '2009-04-11', 'acquisizione', 33188, 47),
(891,5, 598, '2009-07-20', 'vendita', 33188, 47),
(892,4, 615, '2009-12-12', 'acquisizione', 61768, 48),
(893,4, 615, '2010-11-22', 'vendita', 61768, 48),
(894,11, 612, '2009-08-08', 'acquisizione', 44908, 49),
(895,11, 612, '2010-03-15', 'vendita', 44908, 49),
(896,12, 603, '2010-08-03', 'acquisizione', 29869, 0),
(897,17, 611, '2009-12-18', 'acquisizione', 22757, 1),
(898,17, 611, '2010-12-04', 'vendita', 22757, 1),
(899,18, 612, '2010-02-13', 'acquisizione', 44908, 2),
(900,18, 612, '2011-03-28', 'vendita', 44908, 2),
(901,8, 615, '2010-05-11', 'acquisizione', 61768, 3),
(902,10, 613, '2009-11-06', 'acquisizione', 78893, 4),
(903,22, 612, '2010-07-06', 'acquisizione', 44908, 5),
(904,15, 617, '2009-05-04', 'acquisizione', 23631, 6),
(905,15, 617, '2009-09-04', 'vendita', 23631, 6),
(906,24, 616, '2009-12-03', 'acquisizione', 18107, 7),
(907,24, 616, '2010-11-04', 'vendita', 18107, 7),
(908,23, 617, '2009-08-31', 'acquisizione', 23631, 8),
(909,23, 617, '2010-04-30', 'vendita', 23631, 8),
(910,11, 618, '2010-05-29', 'acquisizione', 78994, 9),
(911,11, 618, '2011-10-24', 'vendita', 78994, 9),
(912,20, 625, '2009-06-14', 'acquisizione', 77930, 10),
(913,20, 625, '2009-11-25', 'vendita', 77930, 10),
(914,29, 615, '2009-10-09', 'acquisizione', 61768, 11),
(915,29, 615, '2010-07-17', 'vendita', 61768, 11),
(916,24, 628, '2010-04-19', 'acquisizione', 24333, 12),
(917,20, 621, '2009-11-23', 'acquisizione', 11433, 13),
(918,28, 624, '2010-05-06', 'acquisizione', 69630, 14),
(919,27, 635, '2010-01-13', 'acquisizione', 79119, 15),
(920,27, 635, '2011-01-25', 'vendita', 79119, 15),
(921,36, 633, '2010-01-20', 'acquisizione', 57495, 16),
(922,36, 633, '2011-02-08', 'vendita', 57495, 16),
(923,19, 634, '2009-11-01', 'acquisizione', 15681, 17),
(924,19, 634, '2010-09-01', 'vendita', 15681, 17),
(925,24, 625, '2009-09-21', 'acquisizione', 77930, 18),
(926,21, 633, '2010-07-29', 'acquisizione', 57495, 19),
(927,21, 633, '2012-02-23', 'vendita', 57495, 19),
(928,32, 628, '2010-06-22', 'acquisizione', 24333, 20),
(929,37, 641, '2009-12-17', 'acquisizione', 55148, 21),
(930,41, 633, '2009-10-07', 'acquisizione', 57495, 22),
(931,25, 641, '2009-10-27', 'acquisizione', 55148, 23),
(932,25, 641, '2010-08-22', 'vendita', 55148, 23),
(933,40, 625, '2009-11-25', 'acquisizione', 77930, 24),
(934,40, 625, '2010-10-19', 'vendita', 77930, 24),
(935,27, 643, '2009-11-11', 'acquisizione', 46881, 25),
(936,27, 643, '2010-09-21', 'vendita', 46881, 25),
(937,35, 641, '2010-05-25', 'acquisizione', 55148, 26),
(938,32, 629, '2010-04-07', 'acquisizione', 18968, 27),
(939,32, 629, '2011-07-12', 'vendita', 18968, 27),
(940,39, 642, '2010-05-21', 'acquisizione', 16728, 28),
(941,46, 630, '2009-07-28', 'acquisizione', 26405, 29),
(942,46, 630, '2010-02-21', 'vendita', 26405, 29),
(943,31, 636, '2010-05-24', 'acquisizione', 14604, 30),
(944,31, 636, '2011-10-14', 'vendita', 14604, 30),
(945,48, 632, '2009-02-04', 'acquisizione', 41560, 31),
(946,39, 645, '2009-12-16', 'acquisizione', 30287, 32),
(947,39, 645, '2010-11-30', 'vendita', 30287, 32),
(948,40, 639, '2009-03-21', 'acquisizione', 39451, 33),
(949,43, 637, '2010-06-01', 'acquisizione', 18358, 34),
(950,43, 637, '2011-10-30', 'vendita', 18358, 34),
(951,36, 652, '2010-07-24', 'acquisizione', 47473, 35),
(952,37, 647, '2009-12-24', 'acquisizione', 41281, 36),
(953,48, 641, '2010-02-13', 'acquisizione', 55148, 37),
(954,48, 641, '2011-03-28', 'vendita', 55148, 37),
(955,39, 655, '2010-06-20', 'acquisizione', 30810, 38),
(956,39, 655, '2011-12-07', 'vendita', 30810, 38),
(957,46, 644, '2009-12-06', 'acquisizione', 16747, 39),
(958,46, 644, '2010-11-10', 'vendita', 16747, 39),
(959,44, 655, '2010-01-05', 'acquisizione', 30810, 40),
(960,44, 655, '2011-01-09', 'vendita', 30810, 40),
(961,45, 650, '2010-07-19', 'acquisizione', 58428, 41),
(962,45, 650, '2012-02-03', 'vendita', 58428, 41),
(963,50, 653, '2009-03-13', 'acquisizione', 10643, 42),
(964,55, 647, '2009-08-27', 'acquisizione', 41281, 43),
(965,46, 657, '2009-02-24', 'acquisizione', 24529, 44),
(966,46, 657, '2009-04-19', 'vendita', 24529, 44),
(967,50, 648, '2009-12-24', 'acquisizione', 62239, 45),
(968,50, 648, '2010-12-16', 'vendita', 62239, 45),
(969,64, 652, '2009-07-30', 'acquisizione', 47473, 46),
(970,61, 653, '2010-07-30', 'acquisizione', 10643, 47),
(971,61, 653, '2012-02-25', 'vendita', 10643, 47),
(972,67, 667, '2010-08-10', 'acquisizione', 13416, 48),
(973,67, 667, '2012-03-18', 'vendita', 13416, 48),
(974,61, 658, '2009-03-28', 'acquisizione', 25491, 49),
(975,61, 658, '2009-06-22', 'vendita', 25491, 49),
(976,64, 659, '2010-08-09', 'acquisizione', 41202, 0),
(977,64, 663, '2010-06-08', 'acquisizione', 67796, 1),
(978,64, 663, '2011-11-13', 'vendita', 67796, 1),
(979,71, 660, '2010-05-17', 'acquisizione', 79071, 2),
(980,55, 663, '2009-11-08', 'acquisizione', 67796, 3),
(981,57, 659, '2009-05-15', 'acquisizione', 41202, 4),
(982,62, 660, '2009-02-21', 'acquisizione', 79071, 5),
(983,62, 660, '2009-04-13', 'vendita', 79071, 5),
(984,62, 663, '2010-07-23', 'acquisizione', 67796, 6),
(985,62, 663, '2012-02-11', 'vendita', 67796, 6),
(986,63, 664, '2010-05-13', 'acquisizione', 57983, 7),
(987,63, 664, '2011-09-22', 'vendita', 57983, 7),
(988,64, 659, '2010-02-05', 'acquisizione', 41202, 8),
(989,75, 674, '2010-03-13', 'acquisizione', 61336, 9),
(990,75, 674, '2011-05-23', 'vendita', 61336, 9),
(991,75, 669, '2009-03-18', 'acquisizione', 23201, 10),
(992,70, 680, '2009-12-28', 'acquisizione', 24261, 11),
(993,70, 680, '2010-12-24', 'vendita', 24261, 11),
(994,78, 664, '2009-07-22', 'acquisizione', 57983, 12),
(995,67, 667, '2010-01-31', 'acquisizione', 13416, 13),
(996,67, 667, '2011-03-02', 'vendita', 13416, 13),
(997,78, 674, '2010-02-01', 'acquisizione', 61336, 14),
(998,81, 681, '2009-03-04', 'acquisizione', 39318, 15),
(999,86, 667, '2010-06-22', 'acquisizione', 13416, 16),
(1000,86, 667, '2011-12-11', 'vendita', 13416, 16),
(1001,82, 679, '2009-07-16', 'acquisizione', 15164, 17),
(1002,78, 676, '2010-07-21', 'acquisizione', 23430, 18),
(1003,78, 676, '2012-02-07', 'vendita', 23430, 18),
(1004,80, 686, '2009-05-17', 'acquisizione', 46091, 19),
(1005,76, 675, '2010-07-09', 'acquisizione', 60003, 20),
(1006,90, 690, '2010-04-27', 'acquisizione', 67216, 21),
(1007,90, 690, '2011-08-21', 'vendita', 67216, 21),
(1008,90, 684, '2009-03-25', 'acquisizione', 19033, 22),
(1009,90, 684, '2009-06-16', 'vendita', 19033, 22),
(1010,86, 693, '2010-02-11', 'acquisizione', 23733, 23),
(1011,80, 687, '2010-05-08', 'acquisizione', 11947, 24),
(1012,80, 687, '2011-09-12', 'vendita', 11947, 24),
(1013,81, 691, '2010-01-09', 'acquisizione', 30302, 25),
(1014,77, 688, '2009-08-07', 'acquisizione', 78544, 26),
(1015,87, 685, '2009-02-26', 'acquisizione', 28796, 27),
(1016,88, 682, '2009-05-18', 'acquisizione', 56888, 28),
(1017,84, 697, '2010-08-18', 'acquisizione', 47309, 29),
(1018,84, 697, '2012-04-03', 'vendita', 47309, 29),
(1019,98, 684, '2009-08-19', 'acquisizione', 19033, 30),
(1020,98, 684, '2010-04-06', 'vendita', 19033, 30),
(1021,93, 690, '2010-04-12', 'acquisizione', 67216, 31),
(1022,95, 690, '2010-03-19', 'acquisizione', 67216, 32),
(1023,95, 690, '2011-06-04', 'vendita', 67216, 32),
(1024,99, 694, '2009-08-21', 'acquisizione', 71807, 33),
(1025,99, 694, '2010-04-10', 'vendita', 71807, 33),
(1026,98, 689, '2010-02-04', 'acquisizione', 60247, 34),
(1027,98, 689, '2011-03-10', 'vendita', 60247, 34),
(1028,97, 691, '2010-03-04', 'acquisizione', 30302, 35),
(1029,98, 691, '2009-07-27', 'acquisizione', 30302, 36),
(1030,105, 689, '2010-07-19', 'acquisizione', 60247, 37),
(1031,105, 689, '2012-02-03', 'vendita', 60247, 37),
(1032,106, 691, '2009-11-15', 'acquisizione', 30302, 38),
(1033,106, 691, '2010-09-29', 'vendita', 30302, 38),
(1034,98, 701, '2009-08-29', 'acquisizione', 52821, 39),
(1035,98, 701, '2010-04-26', 'vendita', 52821, 39),
(1036,91, 704, '2009-03-09', 'acquisizione', 35711, 40),
(1037,91, 704, '2009-05-15', 'vendita', 35711, 40),
(1038,98, 709, '2010-02-02', 'acquisizione', 46113, 41),
(1039,98, 709, '2011-03-06', 'vendita', 46113, 41),
(1040,97, 705, '2009-09-10', 'acquisizione', 30471, 42),
(1041,108, 699, '2010-03-08', 'acquisizione', 44293, 43),
(1042,108, 699, '2011-05-13', 'vendita', 44293, 43),
(1043,108, 711, '2010-05-08', 'acquisizione', 76019, 44),
(1044,99, 702, '2009-06-26', 'acquisizione', 27695, 45),
(1045,99, 702, '2009-12-19', 'vendita', 27695, 45),
(1046,97, 709, '2010-03-24', 'acquisizione', 46113, 46),
(1047,108, 703, '2010-05-16', 'acquisizione', 38528, 47),
(1048,99, 716, '2010-06-01', 'acquisizione', 28719, 48),
(1049,99, 716, '2011-10-30', 'vendita', 28719, 48),
(1050,118, 714, '2010-02-01', 'acquisizione', 42954, 49),
(1051,116, 719, '2009-11-13', 'acquisizione', 47923, 0),
(1052,116, 719, '2010-09-25', 'vendita', 47923, 0),
(1053,107, 706, '2009-07-14', 'acquisizione', 77177, 1),
(1054,107, 706, '2010-01-24', 'vendita', 77177, 1),
(1055,120, 715, '2009-10-03', 'acquisizione', 30779, 2),
(1056,119, 716, '2009-10-17', 'acquisizione', 28719, 3),
(1057,119, 716, '2010-08-02', 'vendita', 28719, 3),
(1058,118, 714, '2009-08-15', 'acquisizione', 42954, 4),
(1059,118, 714, '2010-03-29', 'vendita', 42954, 4),
(1060,108, 717, '2009-06-17', 'acquisizione', 57998, 5),
(1061,108, 717, '2009-12-01', 'vendita', 57998, 5),
(1062,125, 724, '2009-04-15', 'acquisizione', 29962, 6),
(1063,125, 724, '2009-02-28', 'acquisizione', 29962, 7),
(1064,125, 724, '2009-04-27', 'vendita', 29962, 7),
(1065,126, 728, '2010-03-18', 'acquisizione', 46707, 8),
(1066,128, 717, '2010-06-25', 'acquisizione', 57998, 9),
(1067,128, 717, '2011-12-17', 'vendita', 57998, 9),
(1068,129, 718, '2009-05-23', 'acquisizione', 36064, 10),
(1069,129, 718, '2009-10-12', 'vendita', 36064, 10),
(1070,126, 712, '2009-06-15', 'acquisizione', 32137, 11),
(1071,123, 727, '2009-06-13', 'acquisizione', 76673, 12),
(1072,122, 716, '2009-07-07', 'acquisizione', 28719, 13),
(1073,122, 716, '2010-01-10', 'vendita', 28719, 13),
(1074,127, 724, '2009-03-10', 'acquisizione', 29962, 14),
(1075,128, 725, '2009-08-30', 'acquisizione', 50501, 15),
(1076,131, 726, '2009-05-12', 'acquisizione', 26535, 16),
(1077,131, 726, '2009-09-20', 'vendita', 26535, 16),
(1078,121, 726, '2009-06-19', 'acquisizione', 26535, 17),
(1079,137, 733, '2009-03-11', 'acquisizione', 24564, 18),
(1080,137, 733, '2009-05-19', 'vendita', 24564, 18),
(1081,134, 722, '2010-05-28', 'acquisizione', 19474, 19),
(1082,121, 732, '2009-04-20', 'acquisizione', 45337, 20),
(1083,121, 732, '2009-08-07', 'vendita', 45337, 20),
(1084,140, 731, '2009-05-12', 'acquisizione', 64194, 21),
(1085,123, 739, '2009-03-15', 'acquisizione', 30956, 22),
(1086,143, 736, '2009-11-04', 'acquisizione', 76134, 23),
(1087,143, 736, '2010-09-07', 'vendita', 76134, 23),
(1088,125, 731, '2009-07-02', 'acquisizione', 64194, 24),
(1089,143, 729, '2010-04-28', 'acquisizione', 59284, 25),
(1090,142, 731, '2009-09-08', 'acquisizione', 64194, 26),
(1091,130, 729, '2010-04-10', 'acquisizione', 59284, 27),
(1092,130, 729, '2011-07-18', 'vendita', 59284, 27),
(1093,134, 731, '2010-07-24', 'acquisizione', 64194, 28),
(1094,139, 748, '2009-09-18', 'acquisizione', 66855, 29),
(1095,132, 731, '2009-03-10', 'acquisizione', 64194, 30),
(1096,132, 731, '2009-05-17', 'vendita', 64194, 30),
(1097,134, 748, '2009-02-10', 'acquisizione', 66855, 31),
(1098,133, 741, '2009-08-23', 'acquisizione', 13614, 32),
(1099,133, 741, '2010-04-14', 'vendita', 13614, 32),
(1100,150, 735, '2009-12-05', 'acquisizione', 24946, 33),
(1101,141, 741, '2010-08-20', 'acquisizione', 13614, 34),
(1102,138, 749, '2010-03-10', 'acquisizione', 26760, 35),
(1103,145, 752, '2009-08-31', 'acquisizione', 65598, 36),
(1104,141, 755, '2009-04-20', 'acquisizione', 29554, 37),
(1105,141, 755, '2009-08-07', 'vendita', 29554, 37),
(1106,151, 757, '2010-01-02', 'acquisizione', 77248, 38),
(1107,151, 757, '2011-01-03', 'vendita', 77248, 38),
(1108,141, 750, '2009-11-21', 'acquisizione', 76041, 39),
(1109,141, 750, '2010-10-11', 'vendita', 76041, 39),
(1110,155, 750, '2009-04-27', 'acquisizione', 76041, 40),
(1111,146, 757, '2009-11-18', 'acquisizione', 77248, 41),
(1112,146, 757, '2010-10-05', 'vendita', 77248, 41),
(1113,150, 748, '2009-06-02', 'acquisizione', 66855, 42),
(1114,163, 753, '2009-03-20', 'acquisizione', 23336, 43),
(1115,157, 746, '2009-07-14', 'acquisizione', 47224, 44),
(1116,157, 746, '2010-01-24', 'vendita', 47224, 44),
(1117,155, 763, '2009-02-18', 'acquisizione', 15193, 45),
(1118,155, 748, '2009-06-19', 'acquisizione', 66855, 46),
(1119,155, 748, '2009-12-05', 'vendita', 66855, 46),
(1120,158, 761, '2010-01-29', 'acquisizione', 14394, 47),
(1121,150, 750, '2009-12-06', 'acquisizione', 76041, 48),
(1122,150, 750, '2010-11-10', 'vendita', 76041, 48),
(1123,152, 761, '2010-07-12', 'acquisizione', 14394, 49),
(1124,161, 768, '2010-05-09', 'acquisizione', 35620, 0),
(1125,171, 771, '2009-03-12', 'acquisizione', 11255, 1),
(1126,161, 755, '2009-09-06', 'acquisizione', 29554, 2),
(1127,161, 755, '2010-05-12', 'vendita', 29554, 2),
(1128,164, 758, '2010-06-11', 'acquisizione', 58990, 3),
(1129,164, 758, '2011-11-19', 'vendita', 58990, 3),
(1130,174, 760, '2009-11-10', 'acquisizione', 70679, 4),
(1131,174, 760, '2010-09-19', 'vendita', 70679, 4),
(1132,174, 760, '2009-09-30', 'acquisizione', 70679, 5),
(1133,169, 775, '2010-02-06', 'acquisizione', 50329, 6),
(1134,162, 766, '2010-03-12', 'acquisizione', 67461, 7),
(1135,162, 766, '2011-05-21', 'vendita', 67461, 7),
(1136,168, 763, '2010-05-12', 'acquisizione', 15193, 8),
(1137,168, 763, '2011-09-20', 'vendita', 15193, 8),
(1138,172, 765, '2009-07-31', 'acquisizione', 75973, 9),
(1139,173, 774, '2010-04-27', 'acquisizione', 20213, 10),
(1140,173, 774, '2011-08-21', 'vendita', 20213, 10),
(1141,174, 780, '2010-02-27', 'acquisizione', 28260, 11),
(1142,174, 780, '2011-04-25', 'vendita', 28260, 11),
(1143,177, 775, '2010-03-28', 'acquisizione', 50329, 12),
(1144,167, 764, '2009-10-11', 'acquisizione', 12279, 13),
(1145,167, 764, '2010-07-21', 'vendita', 12279, 13),
(1146,183, 775, '2010-08-08', 'acquisizione', 50329, 14),
(1147,183, 770, '2009-09-20', 'acquisizione', 52906, 15),
(1148,185, 777, '2010-05-19', 'acquisizione', 76924, 16),
(1149,169, 769, '2009-12-15', 'acquisizione', 31397, 17),
(1150,187, 769, '2010-04-14', 'acquisizione', 31397, 18),
(1151,187, 769, '2011-07-26', 'vendita', 31397, 18),
(1152,185, 785, '2009-12-13', 'acquisizione', 25098, 19),
(1153,185, 785, '2010-11-24', 'vendita', 25098, 19),
(1154,188, 785, '2009-10-28', 'acquisizione', 25098, 20),
(1155,188, 785, '2010-08-24', 'vendita', 25098, 20),
(1156,184, 778, '2009-08-31', 'acquisizione', 60155, 21),
(1157,184, 778, '2010-04-30', 'vendita', 60155, 21),
(1158,183, 788, '2009-07-05', 'acquisizione', 18791, 22),
(1159,183, 788, '2010-01-06', 'vendita', 18791, 22),
(1160,178, 775, '2010-03-10', 'acquisizione', 50329, 23),
(1161,175, 791, '2009-06-05', 'acquisizione', 15251, 24),
(1162,175, 791, '2009-11-07', 'vendita', 15251, 24),
(1163,187, 784, '2009-11-02', 'acquisizione', 72009, 25),
(1164,186, 781, '2009-10-24', 'acquisizione', 72802, 26),
(1165,191, 797, '2010-01-21', 'acquisizione', 67813, 27),
(1166,179, 784, '2009-10-24', 'acquisizione', 72009, 28),
(1167,179, 784, '2010-08-16', 'vendita', 72009, 28),
(1168,185, 784, '2010-03-03', 'acquisizione', 72009, 29),
(1169,182, 792, '2009-10-10', 'acquisizione', 21846, 30),
(1170,182, 790, '2010-05-25', 'acquisizione', 18646, 31),
(1171,182, 790, '2011-10-16', 'vendita', 18646, 31),
(1172,202, 787, '2009-08-19', 'acquisizione', 43983, 32),
(1173,192, 797, '2009-04-10', 'acquisizione', 67813, 33),
(1174,192, 797, '2009-07-18', 'vendita', 67813, 33),
(1175,185, 797, '2010-04-21', 'acquisizione', 67813, 34),
(1176,201, 794, '2009-08-16', 'acquisizione', 25469, 35),
(1177,193, 797, '2009-10-22', 'acquisizione', 67813, 36),
(1178,193, 797, '2010-08-12', 'vendita', 67813, 36),
(1179,196, 806, '2010-03-08', 'acquisizione', 35334, 37),
(1180,190, 790, '2010-07-26', 'acquisizione', 18646, 38),
(1181,194, 793, '2010-08-18', 'acquisizione', 61637, 39),
(1182,208, 809, '2010-08-07', 'acquisizione', 26403, 40),
(1183,208, 809, '2012-03-12', 'vendita', 26403, 40),
(1184,198, 795, '2009-05-25', 'acquisizione', 10732, 41),
(1185,207, 794, '2010-03-08', 'acquisizione', 25469, 42),
(1186,207, 794, '2011-05-13', 'vendita', 25469, 42),
(1187,199, 805, '2009-07-22', 'acquisizione', 29555, 43),
(1188,198, 797, '2009-09-04', 'acquisizione', 67813, 44),
(1189,198, 797, '2010-05-08', 'vendita', 67813, 44),
(1190,198, 815, '2010-06-27', 'acquisizione', 72282, 45),
(1191,198, 815, '2011-12-21', 'vendita', 72282, 45),
(1192,203, 804, '2009-12-30', 'acquisizione', 68216, 46),
(1193,203, 804, '2010-12-28', 'vendita', 68216, 46),
(1194,204, 811, '2009-09-13', 'acquisizione', 17288, 47),
(1195,210, 814, '2009-08-19', 'acquisizione', 27700, 48),
(1196,210, 814, '2010-04-06', 'vendita', 27700, 48),
(1197,207, 813, '2010-07-06', 'acquisizione', 19646, 49),
(1198,207, 813, '2012-01-08', 'vendita', 19646, 49),
(1199,203, 809, '2009-05-11', 'acquisizione', 26403, 0),
(1200,206, 812, '2009-12-22', 'acquisizione', 48253, 1),
(1201,210, 809, '2009-09-20', 'acquisizione', 26403, 2),
(1202,222, 819, '2009-10-28', 'acquisizione', 70694, 3),
(1203,212, 808, '2010-07-09', 'acquisizione', 17528, 4),
(1204,225, 810, '2009-03-30', 'acquisizione', 51327, 5),
(1205,225, 810, '2009-06-26', 'vendita', 51327, 5),
(1206,226, 812, '2009-10-27', 'acquisizione', 48253, 6),
(1207,223, 815, '2010-03-24', 'acquisizione', 72282, 7),
(1208,213, 810, '2009-10-12', 'acquisizione', 51327, 8),
(1209,216, 826, '2009-09-22', 'acquisizione', 49002, 9),
(1210,216, 826, '2010-06-13', 'vendita', 49002, 9),
(1211,229, 825, '2009-10-26', 'acquisizione', 66497, 10),
(1212,231, 819, '2010-06-22', 'acquisizione', 70694, 11),
(1213,231, 819, '2011-12-11', 'vendita', 70694, 11),
(1214,228, 826, '2009-09-17', 'acquisizione', 49002, 12),
(1215,229, 828, '2009-03-07', 'acquisizione', 39997, 13),
(1216,229, 828, '2009-05-11', 'vendita', 39997, 13),
(1217,223, 828, '2009-02-22', 'acquisizione', 39997, 14),
(1218,223, 828, '2009-04-15', 'vendita', 39997, 14),
(1219,220, 832, '2010-05-06', 'acquisizione', 40747, 15),
(1220,220, 832, '2011-09-08', 'vendita', 40747, 15),
(1221,226, 827, '2010-04-05', 'acquisizione', 51286, 16),
(1222,224, 825, '2009-06-30', 'acquisizione', 66497, 17),
(1223,224, 825, '2009-12-27', 'vendita', 66497, 17),
(1224,232, 819, '2009-12-21', 'acquisizione', 70694, 18),
(1225,232, 819, '2010-12-10', 'vendita', 70694, 18),
(1226,220, 827, '2010-06-08', 'acquisizione', 51286, 19),
(1227,227, 828, '2009-07-13', 'acquisizione', 39997, 20),
(1228,227, 828, '2010-01-22', 'vendita', 39997, 20),
(1229,238, 831, '2009-12-13', 'acquisizione', 37400, 21),
(1230,223, 842, '2009-11-29', 'acquisizione', 44720, 22),
(1231,223, 842, '2010-10-27', 'vendita', 44720, 22),
(1232,239, 828, '2009-03-21', 'acquisizione', 39997, 23),
(1233,233, 840, '2009-07-17', 'acquisizione', 23321, 24),
(1234,244, 826, '2010-06-28', 'acquisizione', 49002, 25),
(1235,245, 834, '2009-10-22', 'acquisizione', 58078, 26),
(1236,245, 834, '2010-08-12', 'vendita', 58078, 26),
(1237,232, 844, '2010-08-15', 'acquisizione', 61783, 27),
(1238,238, 838, '2009-03-19', 'acquisizione', 55718, 28),
(1239,243, 834, '2010-01-02', 'acquisizione', 58078, 29),
(1240,249, 835, '2009-10-03', 'acquisizione', 25697, 30),
(1241,249, 835, '2010-07-05', 'vendita', 25697, 30),
(1242,243, 845, '2009-12-29', 'acquisizione', 71271, 31),
(1243,243, 845, '2010-12-26', 'vendita', 71271, 31),
(1244,251, 842, '2010-06-28', 'acquisizione', 44720, 32),
(1245,248, 848, '2009-11-07', 'acquisizione', 27783, 33),
(1246,248, 851, '2009-02-11', 'acquisizione', 21203, 34),
(1247,248, 851, '2009-03-24', 'vendita', 21203, 34),
(1248,250, 846, '2009-02-02', 'acquisizione', 30988, 35),
(1249,253, 849, '2010-08-04', 'acquisizione', 15188, 36),
(1250,253, 849, '2012-03-06', 'vendita', 15188, 36),
(1251,242, 853, '2009-11-22', 'acquisizione', 16624, 37),
(1252,257, 853, '2009-12-09', 'acquisizione', 16624, 38),
(1253,252, 856, '2009-08-04', 'acquisizione', 42616, 39),
(1254,247, 849, '2010-02-03', 'acquisizione', 15188, 40),
(1255,247, 849, '2011-03-08', 'vendita', 15188, 40),
(1256,245, 854, '2009-11-01', 'acquisizione', 29069, 41),
(1257,245, 854, '2010-09-01', 'vendita', 29069, 41),
(1258,250, 843, '2009-03-26', 'acquisizione', 15077, 42),
(1259,262, 851, '2009-03-27', 'acquisizione', 21203, 43),
(1260,251, 855, '2009-07-04', 'acquisizione', 33604, 44),
(1261,251, 855, '2010-01-04', 'vendita', 33604, 44),
(1262,248, 855, '2009-05-01', 'acquisizione', 33604, 45),
(1263,262, 853, '2009-07-16', 'acquisizione', 16624, 46),
(1264,262, 853, '2010-01-28', 'vendita', 16624, 46),
(1265,255, 849, '2009-05-17', 'acquisizione', 15188, 47),
(1266,255, 849, '2009-09-30', 'vendita', 15188, 47),
(1267,262, 863, '2010-05-18', 'acquisizione', 20047, 48),
(1268,263, 864, '2010-08-18', 'acquisizione', 47044, 49),
(1269,254, 854, '2010-06-27', 'acquisizione', 29069, 0),
(1270,261, 867, '2010-05-16', 'acquisizione', 14213, 1),
(1271,261, 867, '2011-09-28', 'vendita', 14213, 1),
(1272,265, 871, '2010-08-07', 'acquisizione', 69701, 2),
(1273,270, 860, '2010-04-09', 'acquisizione', 58597, 3),
(1274,270, 860, '2011-07-16', 'vendita', 58597, 3),
(1275,266, 873, '2009-10-17', 'acquisizione', 56610, 4),
(1276,266, 873, '2010-08-02', 'vendita', 56610, 4),
(1277,258, 873, '2009-04-26', 'acquisizione', 56610, 5),
(1278,258, 873, '2009-08-19', 'vendita', 56610, 5),
(1279,270, 858, '2009-03-20', 'acquisizione', 74485, 6),
(1280,270, 858, '2009-06-06', 'vendita', 74485, 6),
(1281,269, 867, '2009-05-17', 'acquisizione', 14213, 7),
(1282,269, 867, '2009-09-30', 'vendita', 14213, 7),
(1283,267, 863, '2010-08-06', 'acquisizione', 20047, 8),
(1284,267, 863, '2012-03-10', 'vendita', 20047, 8),
(1285,267, 868, '2010-01-22', 'acquisizione', 32333, 9),
(1286,267, 868, '2011-02-12', 'vendita', 32333, 9),
(1287,269, 877, '2010-03-19', 'acquisizione', 53192, 10),
(1288,262, 864, '2010-06-14', 'acquisizione', 47044, 11),
(1289,281, 876, '2010-07-25', 'acquisizione', 79385, 12),
(1290,281, 876, '2012-02-15', 'vendita', 79385, 12),
(1291,274, 881, '2009-02-21', 'acquisizione', 66255, 13),
(1292,274, 881, '2009-04-13', 'vendita', 66255, 13),
(1293,281, 877, '2009-09-20', 'acquisizione', 53192, 14),
(1294,281, 877, '2010-06-09', 'vendita', 53192, 14),
(1295,283, 871, '2010-08-17', 'acquisizione', 69701, 15),
(1296,283, 871, '2012-04-01', 'vendita', 69701, 15),
(1297,270, 868, '2009-11-13', 'acquisizione', 32333, 16),
(1298,285, 883, '2009-08-29', 'acquisizione', 15776, 17),
(1299,285, 883, '2010-04-26', 'vendita', 15776, 17),
(1300,280, 881, '2010-03-19', 'acquisizione', 66255, 18),
(1301,280, 881, '2011-06-04', 'vendita', 66255, 18),
(1302,278, 877, '2009-06-24', 'acquisizione', 53192, 19),
(1303,287, 881, '2010-03-17', 'acquisizione', 66255, 20),
(1304,274, 876, '2009-10-17', 'acquisizione', 79385, 21),
(1305,280, 881, '2010-05-09', 'acquisizione', 66255, 22),
(1306,280, 881, '2011-09-14', 'vendita', 66255, 22),
(1307,278, 875, '2009-10-13', 'acquisizione', 69530, 23),
(1308,278, 875, '2010-07-25', 'vendita', 69530, 23),
(1309,289, 875, '2010-01-30', 'acquisizione', 69530, 24),
(1310,289, 875, '2011-02-28', 'vendita', 69530, 24),
(1311,288, 886, '2010-01-17', 'acquisizione', 64006, 25),
(1312,288, 886, '2011-02-02', 'vendita', 64006, 25),
(1313,280, 890, '2009-05-21', 'acquisizione', 21812, 26),
(1314,280, 890, '2009-10-08', 'vendita', 21812, 26),
(1315,294, 882, '2010-06-13', 'acquisizione', 49384, 27),
(1316,297, 896, '2009-05-28', 'acquisizione', 27335, 28),
(1317,282, 891, '2009-06-06', 'acquisizione', 34703, 29),
(1318,282, 891, '2009-11-09', 'vendita', 34703, 29),
(1319,286, 895, '2009-11-28', 'acquisizione', 39698, 30),
(1320,288, 882, '2009-03-13', 'acquisizione', 49384, 31),
(1321,288, 882, '2009-05-23', 'vendita', 49384, 31),
(1322,297, 893, '2009-07-25', 'acquisizione', 43875, 32),
(1323,297, 893, '2010-02-15', 'vendita', 43875, 32),
(1324,293, 884, '2009-11-05', 'acquisizione', 46984, 33),
(1325,288, 890, '2009-09-20', 'acquisizione', 21812, 34),
(1326,288, 890, '2010-06-09', 'vendita', 21812, 34),
(1327,294, 893, '2009-04-29', 'acquisizione', 43875, 35),
(1328,303, 899, '2009-11-30', 'acquisizione', 65226, 36),
(1329,303, 899, '2010-10-29', 'vendita', 65226, 36),
(1330,289, 889, '2009-04-07', 'acquisizione', 62405, 37),
(1331,289, 889, '2009-07-12', 'vendita', 62405, 37),
(1332,307, 893, '2010-02-22', 'acquisizione', 43875, 38),
(1333,307, 893, '2011-04-15', 'vendita', 43875, 38),
(1334,305, 894, '2010-07-09', 'acquisizione', 44976, 39),
(1335,305, 894, '2012-01-14', 'vendita', 44976, 39),
(1336,300, 902, '2009-03-30', 'acquisizione', 14884, 40),
(1337,300, 902, '2009-06-26', 'vendita', 14884, 40),
(1338,309, 895, '2009-12-07', 'acquisizione', 39698, 41),
(1339,304, 900, '2010-08-20', 'acquisizione', 71897, 42),
(1340,300, 911, '2009-11-09', 'acquisizione', 73414, 43),
(1341,312, 900, '2009-12-28', 'acquisizione', 71897, 44),
(1342,312, 900, '2010-12-24', 'vendita', 71897, 44),
(1343,307, 909, '2009-03-25', 'acquisizione', 56013, 45),
(1344,311, 910, '2009-07-30', 'acquisizione', 30531, 46),
(1345,314, 905, '2009-04-13', 'acquisizione', 53881, 47),
(1346,304, 912, '2009-10-22', 'acquisizione', 57624, 48),
(1347,315, 902, '2009-10-23', 'acquisizione', 14884, 49),
(1348,306, 906, '2009-05-07', 'acquisizione', 20276, 0),
(1349,306, 906, '2009-09-10', 'vendita', 20276, 0),
(1350,304, 908, '2009-04-19', 'acquisizione', 63157, 1),
(1351,304, 908, '2009-08-05', 'vendita', 63157, 1),
(1352,305, 922, '2009-05-17', 'acquisizione', 45739, 2),
(1353,305, 922, '2009-09-30', 'vendita', 45739, 2),
(1354,309, 921, '2010-03-10', 'acquisizione', 46232, 3),
(1355,305, 915, '2009-07-27', 'acquisizione', 18719, 4),
(1356,305, 915, '2010-02-19', 'vendita', 18719, 4),
(1357,306, 908, '2010-05-25', 'acquisizione', 63157, 5),
(1358,324, 921, '2009-04-09', 'acquisizione', 46232, 6),
(1359,311, 915, '2009-08-25', 'acquisizione', 18719, 7),
(1360,311, 915, '2010-04-18', 'vendita', 18719, 7),
(1361,315, 926, '2010-04-20', 'acquisizione', 56133, 8),
(1362,315, 926, '2011-08-07', 'vendita', 56133, 8),
(1363,316, 925, '2009-03-16', 'acquisizione', 31377, 9),
(1364,316, 925, '2009-05-29', 'vendita', 31377, 9),
(1365,320, 930, '2010-02-17', 'acquisizione', 65496, 10),
(1366,317, 915, '2009-10-13', 'acquisizione', 18719, 11),
(1367,328, 930, '2009-07-20', 'acquisizione', 65496, 12),
(1368,332, 922, '2009-09-26', 'acquisizione', 45739, 13),
(1369,334, 921, '2009-11-30', 'acquisizione', 46232, 14),
(1370,334, 921, '2010-10-29', 'vendita', 46232, 14),
(1371,321, 933, '2010-01-15', 'acquisizione', 34722, 15),
(1372,321, 933, '2011-01-29', 'vendita', 34722, 15),
(1373,321, 932, '2009-08-08', 'acquisizione', 44147, 16),
(1374,321, 932, '2010-03-15', 'vendita', 44147, 16),
(1375,332, 923, '2009-12-18', 'acquisizione', 53804, 17),
(1376,324, 937, '2009-07-17', 'acquisizione', 19824, 18),
(1377,334, 931, '2009-11-29', 'acquisizione', 62091, 19),
(1378,334, 931, '2010-10-27', 'vendita', 62091, 19),
(1379,330, 925, '2010-04-28', 'acquisizione', 31377, 20),
(1380,330, 925, '2011-08-23', 'vendita', 31377, 20),
(1381,335, 923, '2010-01-24', 'acquisizione', 53804, 21),
(1382,335, 923, '2011-02-16', 'vendita', 53804, 21),
(1383,327, 923, '2009-02-22', 'acquisizione', 53804, 22),
(1384,327, 932, '2010-05-16', 'acquisizione', 44147, 23),
(1385,337, 937, '2009-10-13', 'acquisizione', 19824, 24),
(1386,332, 938, '2009-12-05', 'acquisizione', 37597, 25),
(1387,343, 927, '2009-11-18', 'acquisizione', 10248, 26),
(1388,343, 927, '2010-10-05', 'vendita', 10248, 26),
(1389,340, 933, '2010-02-19', 'acquisizione', 34722, 27),
(1390,338, 935, '2010-02-02', 'acquisizione', 58821, 28),
(1391,340, 935, '2009-12-28', 'acquisizione', 58821, 29),
(1392,346, 934, '2010-04-29', 'acquisizione', 75296, 30),
(1393,346, 934, '2011-08-25', 'vendita', 75296, 30),
(1394,350, 944, '2010-05-18', 'acquisizione', 23181, 31),
(1395,344, 950, '2009-02-24', 'acquisizione', 45771, 32),
(1396,353, 935, '2009-08-11', 'acquisizione', 58821, 33),
(1397,344, 939, '2010-08-04', 'acquisizione', 31944, 34),
(1398,352, 948, '2009-10-22', 'acquisizione', 38725, 35),
(1399,342, 946, '2009-04-15', 'acquisizione', 58538, 36),
(1400,342, 946, '2009-07-28', 'vendita', 58538, 36),
(1401,345, 948, '2009-10-28', 'acquisizione', 38725, 37),
(1402,345, 948, '2010-08-24', 'vendita', 38725, 37),
(1403,352, 950, '2010-04-29', 'acquisizione', 45771, 38),
(1404,352, 950, '2011-08-25', 'vendita', 45771, 38),
(1405,344, 943, '2010-04-30', 'acquisizione', 46476, 39),
(1406,344, 943, '2011-08-27', 'vendita', 46476, 39),
(1407,342, 957, '2009-06-01', 'acquisizione', 79590, 40),
(1408,342, 957, '2009-10-30', 'vendita', 79590, 40),
(1409,352, 949, '2009-10-23', 'acquisizione', 41471, 41),
(1410,352, 949, '2010-08-14', 'vendita', 41471, 41),
(1411,360, 947, '2010-08-05', 'acquisizione', 50341, 42),
(1412,360, 955, '2009-04-14', 'acquisizione', 14397, 43),
(1413,360, 955, '2009-07-26', 'vendita', 14397, 43),
(1414,364, 949, '2009-12-01', 'acquisizione', 41471, 44),
(1415,364, 949, '2010-10-31', 'vendita', 41471, 44),
(1416,358, 947, '2010-01-27', 'acquisizione', 50341, 45),
(1417,358, 947, '2011-02-22', 'vendita', 50341, 45),
(1418,361, 965, '2009-04-01', 'acquisizione', 45349, 46),
(1419,361, 965, '2009-06-30', 'vendita', 45349, 46),
(1420,367, 963, '2009-05-14', 'acquisizione', 42897, 47),
(1421,367, 963, '2009-09-24', 'vendita', 42897, 47),
(1422,362, 954, '2009-03-16', 'acquisizione', 32585, 48),
(1423,368, 951, '2010-08-16', 'acquisizione', 12956, 49),
(1424,368, 951, '2012-03-30', 'vendita', 12956, 49),
(1425,351, 967, '2009-02-17', 'acquisizione', 34919, 0),
(1426,359, 967, '2010-06-29', 'acquisizione', 34919, 1),
(1427,359, 967, '2011-12-25', 'vendita', 34919, 1),
(1428,366, 958, '2009-07-17', 'acquisizione', 35100, 2),
(1429,362, 958, '2009-10-13', 'acquisizione', 35100, 3),
(1430,368, 970, '2010-05-29', 'acquisizione', 54509, 4),
(1431,368, 970, '2011-10-24', 'vendita', 54509, 4),
(1432,366, 968, '2009-10-10', 'acquisizione', 23974, 5),
(1433,366, 968, '2010-07-19', 'vendita', 23974, 5),
(1434,364, 962, '2009-04-28', 'acquisizione', 11754, 6),
(1435,361, 971, '2010-02-18', 'acquisizione', 41792, 7),
(1436,366, 978, '2010-07-17', 'acquisizione', 66100, 8),
(1437,366, 978, '2012-01-30', 'vendita', 66100, 8),
(1438,369, 978, '2009-02-22', 'acquisizione', 66100, 9),
(1439,370, 961, '2009-10-02', 'acquisizione', 58702, 10),
(1440,370, 961, '2010-07-03', 'vendita', 58702, 10),
(1441,370, 974, '2009-07-21', 'acquisizione', 59522, 11),
(1442,370, 974, '2010-02-07', 'vendita', 59522, 11),
(1443,376, 963, '2009-04-26', 'acquisizione', 42897, 12),
(1444,381, 976, '2009-08-06', 'acquisizione', 41912, 13),
(1445,381, 976, '2010-03-11', 'vendita', 41912, 13),
(1446,370, 984, '2009-11-17', 'acquisizione', 66191, 14),
(1447,370, 984, '2010-10-03', 'vendita', 66191, 14),
(1448,367, 972, '2009-04-09', 'acquisizione', 50814, 15),
(1449,375, 967, '2010-08-06', 'acquisizione', 34919, 16),
(1450,383, 975, '2010-06-28', 'acquisizione', 65863, 17),
(1451,383, 975, '2011-12-23', 'vendita', 65863, 17),
(1452,381, 971, '2009-09-11', 'acquisizione', 41792, 18),
(1453,381, 971, '2010-05-22', 'vendita', 41792, 18),
(1454,379, 987, '2009-08-13', 'acquisizione', 40530, 19),
(1455,379, 987, '2010-03-25', 'vendita', 40530, 19),
(1456,373, 982, '2009-02-25', 'acquisizione', 75394, 20),
(1457,387, 983, '2009-05-24', 'acquisizione', 79065, 21),
(1458,387, 983, '2009-10-14', 'vendita', 79065, 21),
(1459,383, 977, '2010-02-20', 'acquisizione', 11662, 22),
(1460,381, 992, '2009-06-14', 'acquisizione', 41566, 23),
(1461,390, 991, '2010-05-14', 'acquisizione', 23265, 24),
(1462,390, 991, '2011-09-24', 'vendita', 23265, 24),
(1463,382, 985, '2009-08-12', 'acquisizione', 74227, 25),
(1464,379, 982, '2009-06-09', 'acquisizione', 75394, 26),
(1465,384, 981, '2009-04-20', 'acquisizione', 76634, 27),
(1466,384, 981, '2009-08-07', 'vendita', 76634, 27),
(1467,395, 994, '2010-01-30', 'acquisizione', 45480, 28),
(1468,392, 986, '2009-04-23', 'acquisizione', 53194, 29),
(1469,392, 986, '2009-08-13', 'vendita', 53194, 29),
(1470,387, 992, '2010-02-02', 'acquisizione', 41566, 30),
(1471,395, 990, '2010-05-01', 'acquisizione', 15399, 31),
(1472,399, 991, '2009-07-15', 'acquisizione', 23265, 32),
(1473,400, 999, '2010-06-02', 'acquisizione', 75422, 33),
(1474,398, 986, '2009-06-08', 'acquisizione', 53194, 34),
(1475,398, 986, '2009-11-13', 'vendita', 53194, 34),
(1476,401, 994, '2010-05-26', 'acquisizione', 45480, 35),
(1477,401, 994, '2011-10-18', 'vendita', 45480, 35),
(1478,399, 3, '2010-05-21', 'acquisizione', 18764, 36),
(1479,399, 3, '2011-10-08', 'vendita', 18764, 36),
(1480,397, 6, '2009-04-26', 'acquisizione', 77860, 37),
(1481,403, 995, '2010-06-16', 'acquisizione', 73087, 38),
(1482,401, 994, '2009-09-22', 'acquisizione', 45480, 39),
(1483,401, 994, '2010-06-13', 'vendita', 45480, 39),
(1484,391, 999, '2009-10-06', 'acquisizione', 75422, 40),
(1485,391, 999, '2010-07-11', 'vendita', 75422, 40),
(1486,410, 1, '2009-03-31', 'acquisizione', 73986, 41),
(1487,410, 1, '2009-06-28', 'vendita', 73986, 41),
(1488,409, 12, '2009-03-14', 'acquisizione', 28275, 42),
(1489,409, 12, '2009-05-25', 'vendita', 28275, 42),
(1490,397, 7, '2009-07-22', 'acquisizione', 62941, 43),
(1491,397, 7, '2010-02-09', 'vendita', 62941, 43),
(1492,398, 1, '2009-08-04', 'acquisizione', 73986, 44),
(1493,399, 8, '2009-12-28', 'acquisizione', 11096, 45),
(1494,399, 8, '2010-12-24', 'vendita', 11096, 45),
(1495,403, 14, '2010-05-01', 'acquisizione', 12119, 46),
(1496,403, 14, '2011-08-29', 'vendita', 12119, 46),
(1497,402, 16, '2010-01-10', 'acquisizione', 26936, 47),
(1498,408, 1, '2009-10-09', 'acquisizione', 73986, 48),
(1499,408, 1, '2010-07-17', 'vendita', 73986, 48),
(1500,411, 13, '2009-03-21', 'acquisizione', 10172, 49),
(1501,419, 10, '2009-11-11', 'acquisizione', 48362, 0),
(1502,421, 18, '2009-09-21', 'acquisizione', 73363, 1),
(1503,418, 15, '2009-06-06', 'acquisizione', 76338, 2),
(1504,418, 15, '2009-11-09', 'vendita', 76338, 2),
(1505,404, 9, '2010-04-11', 'acquisizione', 25036, 3),
(1506,404, 9, '2011-07-20', 'vendita', 25036, 3),
(1507,410, 10, '2010-06-18', 'acquisizione', 48362, 4),
(1508,406, 8, '2009-12-06', 'acquisizione', 11096, 5),
(1509,422, 10, '2009-06-25', 'acquisizione', 48362, 6),
(1510,422, 10, '2009-12-17', 'vendita', 48362, 6),
(1511,418, 18, '2009-09-10', 'acquisizione', 73363, 7),
(1512,418, 18, '2010-05-20', 'vendita', 73363, 7),
(1513,418, 25, '2010-02-17', 'acquisizione', 69050, 8),
(1514,418, 25, '2011-04-05', 'vendita', 69050, 8),
(1515,411, 14, '2009-03-25', 'acquisizione', 12119, 9),
(1516,411, 14, '2009-06-16', 'vendita', 12119, 9),
(1517,424, 25, '2009-03-11', 'acquisizione', 69050, 10),
(1518,413, 29, '2009-10-29', 'acquisizione', 38393, 11),
(1519,425, 23, '2010-01-10', 'acquisizione', 61043, 12),
(1520,416, 33, '2009-09-11', 'acquisizione', 21891, 13),
(1521,429, 29, '2010-05-02', 'acquisizione', 38393, 14),
(1522,429, 29, '2011-08-31', 'vendita', 38393, 14),
(1523,435, 20, '2009-12-01', 'acquisizione', 13809, 15),
(1524,435, 20, '2010-10-31', 'vendita', 13809, 15),
(1525,430, 28, '2009-03-05', 'acquisizione', 78346, 16),
(1526,430, 19, '2009-06-10', 'acquisizione', 55551, 17),
(1527,430, 19, '2009-11-17', 'vendita', 55551, 17),
(1528,423, 23, '2009-07-12', 'acquisizione', 61043, 18),
(1529,435, 30, '2009-12-01', 'acquisizione', 19523, 19),
(1530,435, 30, '2010-10-31', 'vendita', 19523, 19),
(1531,435, 25, '2009-11-26', 'acquisizione', 69050, 20),
(1532,435, 25, '2010-10-21', 'vendita', 69050, 20),
(1533,434, 36, '2009-06-06', 'acquisizione', 78652, 21),
(1534,433, 28, '2010-02-05', 'acquisizione', 78346, 22),
(1535,433, 28, '2011-03-12', 'vendita', 78346, 22),
(1536,437, 24, '2010-07-07', 'acquisizione', 36049, 23),
(1537,437, 24, '2012-01-10', 'vendita', 36049, 23),
(1538,434, 44, '2009-08-12', 'acquisizione', 13711, 24),
(1539,429, 41, '2009-09-14', 'acquisizione', 58459, 25),
(1540,429, 41, '2010-05-28', 'vendita', 58459, 25),
(1541,433, 27, '2009-11-18', 'acquisizione', 32413, 26),
(1542,433, 27, '2010-10-05', 'vendita', 32413, 26),
(1543,447, 32, '2009-04-22', 'acquisizione', 75914, 27),
(1544,448, 43, '2010-02-24', 'acquisizione', 71730, 28),
(1545,438, 48, '2010-01-28', 'acquisizione', 64548, 29),
(1546,438, 48, '2011-02-24', 'vendita', 64548, 29),
(1547,447, 40, '2010-02-16', 'acquisizione', 56035, 30),
(1548,433, 37, '2009-07-19', 'acquisizione', 52094, 31),
(1549,441, 38, '2009-02-13', 'acquisizione', 46801, 32),
(1550,438, 47, '2009-06-05', 'acquisizione', 39833, 33),
(1551,438, 47, '2009-11-07', 'vendita', 39833, 33),
(1552,437, 50, '2009-10-19', 'acquisizione', 22455, 34),
(1553,437, 50, '2010-08-06', 'vendita', 22455, 34),
(1554,440, 39, '2010-04-07', 'acquisizione', 18009, 35),
(1555,447, 52, '2010-07-12', 'acquisizione', 61121, 36),
(1556,447, 52, '2012-01-20', 'vendita', 61121, 36),
(1557,454, 43, '2009-05-10', 'acquisizione', 71730, 37),
(1558,454, 43, '2009-09-16', 'vendita', 71730, 37),
(1559,441, 58, '2009-07-09', 'acquisizione', 26202, 38),
(1560,441, 58, '2010-01-14', 'vendita', 26202, 38),
(1561,446, 42, '2010-07-17', 'acquisizione', 66502, 39),
(1562,446, 42, '2012-01-30', 'vendita', 66502, 39),
(1563,458, 57, '2009-07-17', 'acquisizione', 71161, 40),
(1564,458, 57, '2010-01-30', 'vendita', 71161, 40),
(1565,457, 42, '2009-08-27', 'acquisizione', 66502, 41),
(1566,457, 42, '2010-04-22', 'vendita', 66502, 41),
(1567,456, 61, '2010-04-13', 'acquisizione', 43533, 42),
(1568,459, 50, '2009-09-28', 'acquisizione', 22455, 43),
(1569,452, 59, '2009-04-19', 'acquisizione', 56460, 44),
(1570,448, 61, '2009-11-09', 'acquisizione', 43533, 45),
(1571,448, 61, '2010-09-17', 'vendita', 43533, 45),
(1572,451, 50, '2009-11-27', 'acquisizione', 22455, 46),
(1573,456, 67, '2009-03-01', 'acquisizione', 47540, 47),
(1574,457, 56, '2009-11-20', 'acquisizione', 21438, 48),
(1575,465, 57, '2009-02-05', 'acquisizione', 71161, 49),
(1576,462, 60, '2009-11-23', 'acquisizione', 22089, 0),
(1577,462, 60, '2010-10-15', 'vendita', 22089, 0),
(1578,452, 57, '2009-11-16', 'acquisizione', 71161, 1),
(1579,452, 57, '2010-10-01', 'vendita', 71161, 1),
(1580,468, 60, '2009-09-22', 'acquisizione', 22089, 2),
(1581,471, 72, '2010-01-26', 'acquisizione', 74646, 3),
(1582,469, 59, '2010-07-30', 'acquisizione', 56460, 4),
(1583,469, 59, '2012-02-25', 'vendita', 56460, 4),
(1584,456, 67, '2009-04-02', 'acquisizione', 47540, 5),
(1585,456, 67, '2009-07-02', 'vendita', 47540, 5),
(1586,472, 61, '2009-04-04', 'acquisizione', 43533, 6),
(1587,472, 61, '2009-07-06', 'vendita', 43533, 6),
(1588,463, 74, '2009-08-19', 'acquisizione', 55480, 7),
(1589,463, 74, '2010-04-06', 'vendita', 55480, 7),
(1590,462, 74, '2009-08-30', 'acquisizione', 55480, 8),
(1591,476, 76, '2009-04-30', 'acquisizione', 62647, 9),
(1592,476, 76, '2009-08-27', 'vendita', 62647, 9),
(1593,470, 71, '2009-12-22', 'acquisizione', 53386, 10),
(1594,470, 63, '2010-08-24', 'acquisizione', 32406, 11),
(1595,470, 63, '2012-04-15', 'vendita', 32406, 11),
(1596,464, 72, '2009-09-09', 'acquisizione', 74646, 12),
(1597,464, 72, '2010-05-18', 'vendita', 74646, 12),
(1598,470, 77, '2010-03-04', 'acquisizione', 59150, 13),
(1599,484, 83, '2009-05-02', 'acquisizione', 10490, 14),
(1600,479, 71, '2010-06-01', 'acquisizione', 53386, 15),
(1601,479, 71, '2011-10-30', 'vendita', 53386, 15),
(1602,470, 67, '2009-10-21', 'acquisizione', 47540, 16),
(1603,470, 85, '2009-05-18', 'acquisizione', 61058, 17),
(1604,471, 84, '2010-06-05', 'acquisizione', 26656, 18),
(1605,471, 84, '2011-11-07', 'vendita', 26656, 18),
(1606,486, 70, '2009-03-23', 'acquisizione', 39246, 19),
(1607,473, 76, '2009-03-10', 'acquisizione', 62647, 20),
(1608,476, 74, '2010-07-19', 'acquisizione', 55480, 21),
(1609,476, 74, '2012-02-03', 'vendita', 55480, 21),
(1610,477, 88, '2010-02-10', 'acquisizione', 45006, 22),
(1611,477, 77, '2009-02-01', 'acquisizione', 59150, 23),
(1612,489, 86, '2010-07-04', 'acquisizione', 67662, 24),
(1613,483, 81, '2010-03-28', 'acquisizione', 75633, 25),
(1614,483, 81, '2011-06-22', 'vendita', 75633, 25),
(1615,477, 82, '2009-09-23', 'acquisizione', 68159, 26),
(1616,477, 82, '2010-06-15', 'vendita', 68159, 26),
(1617,497, 92, '2009-04-30', 'acquisizione', 58172, 27),
(1618,497, 92, '2009-08-27', 'vendita', 58172, 27),
(1619,498, 91, '2010-05-15', 'acquisizione', 51879, 28),
(1620,496, 86, '2009-03-22', 'acquisizione', 67662, 29),
(1621,498, 93, '2010-03-30', 'acquisizione', 20538, 30),
(1622,498, 93, '2011-06-26', 'vendita', 20538, 30),
(1623,483, 96, '2009-11-06', 'acquisizione', 23321, 31),
(1624,488, 87, '2009-03-27', 'acquisizione', 22768, 32),
(1625,491, 102, '2009-11-05', 'acquisizione', 37493, 33),
(1626,501, 91, '2009-10-04', 'acquisizione', 51879, 34),
(1627,501, 91, '2010-07-07', 'vendita', 51879, 34),
(1628,493, 94, '2009-06-27', 'acquisizione', 11444, 35),
(1629,493, 94, '2009-12-21', 'vendita', 11444, 35),
(1630,494, 102, '2009-01-31', 'acquisizione', 37493, 36),
(1631,494, 102, '2009-03-02', 'vendita', 37493, 36),
(1632,497, 98, '2009-07-08', 'acquisizione', 78838, 37),
(1633,497, 98, '2010-01-12', 'vendita', 78838, 37),
(1634,502, 105, '2010-02-18', 'acquisizione', 55958, 38),
(1635,502, 105, '2011-04-07', 'vendita', 55958, 38),
(1636,492, 95, '2009-06-16', 'acquisizione', 12676, 39),
(1637,508, 107, '2010-01-08', 'acquisizione', 54928, 40),
(1638,503, 100, '2010-07-19', 'acquisizione', 63438, 41),
(1639,503, 100, '2012-02-03', 'vendita', 63438, 41),
(1640,495, 103, '2010-01-08', 'acquisizione', 47611, 42),
(1641,495, 103, '2011-01-15', 'vendita', 47611, 42),
(1642,511, 98, '2009-02-08', 'acquisizione', 78838, 43),
(1643,511, 98, '2009-03-18', 'vendita', 78838, 43),
(1644,507, 108, '2009-02-05', 'acquisizione', 23761, 44),
(1645,504, 113, '2010-07-03', 'acquisizione', 51480, 45),
(1646,502, 116, '2009-08-18', 'acquisizione', 76081, 46),
(1647,514, 100, '2009-02-16', 'acquisizione', 63438, 47),
(1648,511, 110, '2009-11-27', 'acquisizione', 76678, 48),
(1649,505, 106, '2010-05-02', 'acquisizione', 54852, 49),
