(1, 16, 49, '2004-08-28', 'Acquisizione', 34865, 46),
(2, 813, 49, '2004-08-28', 'Vendita', 41838.0, 5),
(3, 5, 320, '2003-06-20', 'Acquisizione', 4710, 41),
(4, 14, 383, '2010-04-10', 'Acquisizione', 27082, 39),
(5, 247, 383, '2010-04-10', 'Vendita', 32498.4, 16),
(6, 21, 598, '2008-06-05', 'Acquisizione', 22936, 50),
(7, 43, 598, '2008-06-05', 'Vendita', 27523.2, 41),
(8, 3, 692, '2001-03-18', 'Acquisizione', 12829, 45),
(9, 456, 692, '2001-03-18', 'Vendita', 15394.8, 25),
(10, 26, 217, '2007-03-01', 'Acquisizione', 31958, 27),
(11, 711, 217, '2007-03-01', 'Vendita', 38349.6, 40),
(12, 3, 5, '2010-01-25', 'Acquisizione', 23942, 9),
(13, 5, 407, '2002-09-27', 'Acquisizione', 25804, 22),
(14, 297, 407, '2002-09-27', 'Vendita', 30964.8, 19),
(15, 50, 637, '2009-10-25', 'Acquisizione', 11194, 5),
(16, 42, 37, '2013-03-07', 'Acquisizione', 39299, 38),
(17, 44, 496, '2003-06-07', 'Acquisizione', 32902, 16),
(18, 408, 496, '2003-06-07', 'Vendita', 39482.4, 13),
(19, 5, 208, '2013-03-07', 'Acquisizione', 17872, 9),
(20, 41, 473, '2004-09-19', 'Acquisizione', 38906, 29),
(21, 13, 301, '2014-09-07', 'Acquisizione', 32294, 5),
(22, 228, 301, '2014-09-07', 'Vendita', 38752.8, 28),
(23, 46, 515, '2012-06-28', 'Acquisizione', 8529, 21),
(24, 8, 434, '2001-11-15', 'Acquisizione', 10997, 23),
(25, 42, 464, '2007-11-23', 'Acquisizione', 37865, 43),
(26, 4, 331, '2011-11-13', 'Acquisizione', 33276, 37),
(27, 19, 958, '2009-08-04', 'Acquisizione', 7788, 4),
(28, 240, 958, '2009-08-04', 'Vendita', 9345.6, 48),
(29, 13, 386, '2008-06-17', 'Acquisizione', 25367, 10),
(30, 36, 165, '2010-01-12', 'Acquisizione', 34080, 29),
(31, 21, 273, '2005-01-30', 'Acquisizione', 36693, 16),
(32, 660, 273, '2005-01-30', 'Vendita', 44031.6, 17),
(33, 50, 967, '2011-05-27', 'Acquisizione', 33984, 22),
(34, 776, 967, '2011-05-27', 'Vendita', 40780.8, 50),
(35, 11, 45, '2003-12-26', 'Acquisizione', 27333, 46),
(36, 21, 490, '2003-12-24', 'Acquisizione', 5326, 22),
(37, 38, 656, '2011-05-27', 'Acquisizione', 39994, 42),
(38, 927, 656, '2011-05-27', 'Vendita', 47992.8, 50),
(39, 39, 555, '2009-12-16', 'Acquisizione', 8113, 43),
(40, 31, 828, '2004-09-05', 'Acquisizione', 11515, 4),
(41, 39, 220, '2009-02-19', 'Acquisizione', 36582, 22),
(42, 17, 754, '2002-03-23', 'Acquisizione', 30456, 8),
(43, 423, 754, '2002-03-23', 'Vendita', 36547.2, 50),
(44, 16, 356, '2012-11-08', 'Acquisizione', 18170, 32),
(45, 42, 442, '2001-04-06', 'Acquisizione', 23099, 13),
(46, 36, 442, '2001-04-06', 'Vendita', 27718.8, 5),
(47, 14, 436, '2011-02-07', 'Acquisizione', 24586, 48),
(48, 42, 6, '2006-11-26', 'Acquisizione', 14261, 2),
(49, 846, 6, '2006-11-26', 'Vendita', 17113.2, 43),
(50, 45, 407, '2009-04-27', 'Acquisizione', 14774, 1),
(51, 45, 871, '2007-02-20', 'Acquisizione', 32718, 29),
(52, 36, 889, '2013-12-17', 'Acquisizione', 18058, 44),
(53, 24, 493, '2014-04-03', 'Acquisizione', 27304, 40),
(54, 294, 493, '2014-04-03', 'Vendita', 32764.8, 28),
(55, 22, 166, '2011-10-20', 'Acquisizione', 22761, 9),
(56, 956, 166, '2011-10-20', 'Vendita', 27313.2, 43),
(57, 11, 725, '2003-09-29', 'Acquisizione', 9362, 35),
(58, 261, 725, '2003-09-29', 'Vendita', 11234.4, 17),
(59, 20, 54, '2008-06-25', 'Acquisizione', 10788, 49),
(60, 97, 54, '2008-06-25', 'Vendita', 12945.6, 25),
(61, 11, 296, '2012-02-21', 'Acquisizione', 2582, 47),
(62, 17, 163, '2014-05-08', 'Acquisizione', 16329, 10),
(63, 520, 163, '2014-05-08', 'Vendita', 19594.8, 40),
(64, 1, 359, '2012-10-06', 'Acquisizione', 34125, 3),
(65, 15, 338, '2010-07-02', 'Acquisizione', 4946, 21),
(66, 546, 338, '2010-07-02', 'Vendita', 5935.2, 15),
(67, 39, 703, '2007-01-23', 'Acquisizione', 18303, 33),
(68, 76, 703, '2007-01-23', 'Vendita', 21963.6, 41),
(69, 13, 628, '2008-11-05', 'Acquisizione', 6888, 44),
(70, 23, 693, '2010-05-23', 'Acquisizione', 29924, 33),
(71, 31, 664, '2012-11-30', 'Acquisizione', 36046, 22),
(72, 29, 275, '2014-07-24', 'Acquisizione', 26040, 33),
(73, 43, 901, '2012-02-20', 'Acquisizione', 9423, 23),
(74, 905, 901, '2012-02-20', 'Vendita', 11307.6, 21),
(75, 28, 86, '2008-02-03', 'Acquisizione', 30834, 9),
(76, 479, 86, '2008-02-03', 'Vendita', 37000.8, 18),
(77, 40, 834, '2002-04-13', 'Acquisizione', 23005, 7),
(78, 834, 834, '2002-04-13', 'Vendita', 27606.0, 41),
(79, 36, 188, '2011-02-08', 'Acquisizione', 24222, 6),
(80, 846, 188, '2011-02-08', 'Vendita', 29066.4, 26),
(81, 37, 234, '2012-12-23', 'Acquisizione', 22505, 17),
(82, 1, 75, '2002-06-01', 'Acquisizione', 3762, 44),
(83, 33, 199, '2002-02-22', 'Acquisizione', 22825, 42),
(84, 43, 95, '2009-01-26', 'Acquisizione', 22849, 3),
(85, 46, 479, '2010-01-06', 'Acquisizione', 30552, 10),
(86, 964, 479, '2010-01-06', 'Vendita', 36662.4, 27),
(87, 31, 966, '2007-10-03', 'Acquisizione', 21320, 4),
(88, 17, 959, '2013-11-18', 'Acquisizione', 36675, 14),
(89, 25, 921, '2011-08-03', 'Acquisizione', 36870, 13),
(90, 3, 43, '2010-02-24', 'Acquisizione', 34151, 6),
(91, 11, 755, '2008-11-29', 'Acquisizione', 13439, 22),
(92, 191, 755, '2008-11-29', 'Vendita', 16126.8, 43),
(93, 17, 977, '2013-05-30', 'Acquisizione', 12793, 40),
(94, 553, 977, '2013-05-30', 'Vendita', 15351.6, 28),
(95, 35, 28, '2005-08-19', 'Acquisizione', 12338, 41),
(96, 584, 28, '2005-08-19', 'Vendita', 14805.6, 18),
(97, 21, 498, '2005-01-17', 'Acquisizione', 24707, 16),
(98, 37, 758, '2001-09-14', 'Acquisizione', 22992, 15),
(99, 952, 758, '2001-09-14', 'Vendita', 27590.4, 26),
(100, 1, 204, '2001-09-24', 'Acquisizione', 14054, 6),
(101, 5, 672, '2007-04-07', 'Acquisizione', 20806, 13),
(102, 6, 228, '2010-05-19', 'Acquisizione', 31581, 30),
(103, 1, 268, '2004-01-15', 'Acquisizione', 7079, 42),
(104, 10, 70, '2003-04-12', 'Acquisizione', 20211, 28),
(105, 170, 70, '2003-04-12', 'Vendita', 24253.2, 17),
(106, 35, 14, '2013-06-05', 'Acquisizione', 16650, 17),
(107, 432, 14, '2013-06-05', 'Vendita', 19980.0, 35),
(108, 44, 612, '2002-09-26', 'Acquisizione', 14840, 28),
(109, 374, 612, '2002-09-26', 'Vendita', 17808.0, 42),
(110, 13, 557, '2011-09-30', 'Acquisizione', 15239, 31),
(111, 89, 557, '2011-09-30', 'Vendita', 18286.8, 33),
(112, 26, 866, '2001-10-02', 'Acquisizione', 34650, 19),
(113, 409, 866, '2001-10-02', 'Vendita', 41580.0, 41),
(114, 1, 749, '2005-07-15', 'Acquisizione', 26790, 11),
(115, 668, 749, '2005-07-15', 'Vendita', 32148.0, 12),
(116, 46, 880, '2001-08-26', 'Acquisizione', 6222, 2),
(117, 919, 880, '2001-08-26', 'Vendita', 7466.4, 20),
(118, 36, 886, '2013-11-03', 'Acquisizione', 17796, 4),
(119, 40, 280, '2010-11-20', 'Acquisizione', 2804, 4),
(120, 13, 948, '2001-10-03', 'Acquisizione', 18997, 37),
(121, 829, 948, '2001-10-03', 'Vendita', 22796.4, 19),
(122, 49, 419, '2006-05-18', 'Acquisizione', 7309, 20),
(123, 19, 775, '2005-07-06', 'Acquisizione', 6782, 33),
(124, 177, 775, '2005-07-06', 'Vendita', 8138.4, 33),
(125, 30, 177, '2004-09-03', 'Acquisizione', 23212, 34),
(126, 832, 177, '2004-09-03', 'Vendita', 27854.4, 22),
(127, 5, 760, '2013-11-19', 'Acquisizione', 21628, 8),
(128, 352, 760, '2013-11-19', 'Vendita', 25953.6, 14),
(129, 14, 426, '2006-07-30', 'Acquisizione', 6140, 23),
(130, 731, 426, '2006-07-30', 'Vendita', 7368.0, 45),
(131, 41, 888, '2008-10-08', 'Acquisizione', 5369, 4),
(132, 454, 888, '2008-10-08', 'Vendita', 6442.8, 28),
(133, 15, 161, '2003-04-17', 'Acquisizione', 17414, 38),
(134, 139, 161, '2003-04-17', 'Vendita', 20896.8, 47),
(135, 15, 266, '2012-11-21', 'Acquisizione', 19749, 48),
(136, 573, 266, '2012-11-21', 'Vendita', 23698.8, 23),
(137, 25, 391, '2006-04-25', 'Acquisizione', 22389, 23),
(138, 41, 565, '2005-07-24', 'Acquisizione', 23242, 29),
(139, 864, 565, '2005-07-24', 'Vendita', 27890.4, 9),
(140, 7, 282, '2002-12-12', 'Acquisizione', 22777, 46),
(141, 49, 715, '2012-01-11', 'Acquisizione', 22193, 14),
(142, 918, 715, '2012-01-11', 'Vendita', 26631.6, 16),
(143, 2, 815, '2012-10-08', 'Acquisizione', 28132, 50),
(144, 44, 455, '2009-04-20', 'Acquisizione', 4813, 11),
(145, 32, 528, '2002-07-30', 'Acquisizione', 30011, 48),
(146, 11, 612, '2008-05-11', 'Acquisizione', 34613, 23),
(147, 152, 612, '2008-05-11', 'Vendita', 41535.6, 40),
(148, 42, 918, '2003-10-14', 'Acquisizione', 32330, 24),
(149, 817, 918, '2003-10-14', 'Vendita', 38796.0, 42),
(150, 21, 552, '2002-08-31', 'Acquisizione', 15790, 46),
(151, 812, 552, '2002-08-31', 'Vendita', 18948.0, 10),
(152, 47, 312, '2002-01-17', 'Acquisizione', 38720, 28),
(153, 25, 97, '2011-04-18', 'Acquisizione', 38345, 40),
(154, 837, 97, '2011-04-18', 'Vendita', 46014.0, 35),
(155, 28, 214, '2004-11-03', 'Acquisizione', 27108, 41),
(156, 36, 735, '2002-08-27', 'Acquisizione', 38684, 31),
(157, 6, 906, '2011-11-14', 'Acquisizione', 8228, 18),
(158, 219, 906, '2011-11-14', 'Vendita', 9873.6, 29),
(159, 35, 38, '2004-07-24', 'Acquisizione', 27655, 12),
(160, 41, 38, '2004-07-24', 'Vendita', 33186.0, 29),
(161, 50, 683, '2013-11-10', 'Acquisizione', 27782, 38),
(162, 277, 683, '2013-11-10', 'Vendita', 33338.4, 35),
(163, 32, 857, '2008-12-11', 'Acquisizione', 23840, 13),
(164, 651, 857, '2008-12-11', 'Vendita', 28608.0, 33),
(165, 8, 234, '2006-08-08', 'Acquisizione', 16937, 24),
(166, 622, 234, '2006-08-08', 'Vendita', 20324.4, 32),
(167, 29, 174, '2007-12-10', 'Acquisizione', 28272, 38),
(168, 699, 174, '2007-12-10', 'Vendita', 33926.4, 15),
(169, 19, 828, '2003-04-03', 'Acquisizione', 12340, 17),
(170, 101, 828, '2003-04-03', 'Vendita', 14808.0, 5),
(171, 42, 545, '2012-12-20', 'Acquisizione', 21090, 19),
(172, 1, 293, '2002-05-05', 'Acquisizione', 28141, 11),
(173, 16, 558, '2007-04-26', 'Acquisizione', 8944, 38),
(174, 3, 330, '2006-04-28', 'Acquisizione', 24009, 15),
(175, 788, 330, '2006-04-28', 'Vendita', 28810.8, 39),
(176, 20, 316, '2006-07-08', 'Acquisizione', 4270, 10),
(177, 38, 281, '2012-12-11', 'Acquisizione', 22358, 5),
(178, 936, 281, '2012-12-11', 'Vendita', 26829.6, 30),
(179, 36, 386, '2009-07-25', 'Acquisizione', 18541, 39),
(180, 42, 990, '2002-11-20', 'Acquisizione', 18706, 43),
(181, 2, 29, '2001-03-31', 'Acquisizione', 22538, 10),
(182, 17, 659, '2011-02-15', 'Acquisizione', 21133, 40),
(183, 264, 659, '2011-02-15', 'Vendita', 25359.6, 1),
(184, 36, 896, '2003-06-08', 'Acquisizione', 7911, 40),
(185, 398, 896, '2003-06-08', 'Vendita', 9493.2, 3),
(186, 17, 706, '2005-04-27', 'Acquisizione', 22088, 44),
(187, 444, 706, '2005-04-27', 'Vendita', 26505.6, 6),
(188, 26, 999, '2007-11-15', 'Acquisizione', 11789, 19),
(189, 368, 999, '2007-11-15', 'Vendita', 14146.8, 17),
(190, 4, 573, '2001-02-24', 'Acquisizione', 25012, 10),
(191, 19, 109, '2009-05-05', 'Acquisizione', 20625, 40),
(192, 966, 109, '2009-05-05', 'Vendita', 24750.0, 14),
(193, 13, 113, '2012-11-19', 'Acquisizione', 2860, 14),
(194, 939, 113, '2012-11-19', 'Vendita', 3432.0, 28),
(195, 48, 343, '2007-11-15', 'Acquisizione', 11058, 7),
(196, 169, 343, '2007-11-15', 'Vendita', 13269.6, 44),
(197, 36, 562, '2014-08-19', 'Acquisizione', 27388, 39),
(198, 24, 562, '2014-08-19', 'Vendita', 32865.6, 25),
(199, 25, 891, '2012-03-25', 'Acquisizione', 12106, 11),
(200, 784, 891, '2012-03-25', 'Vendita', 14527.2, 4),
(201, 30, 294, '2009-05-10', 'Acquisizione', 12279, 45),
(202, 864, 294, '2009-05-10', 'Vendita', 14734.8, 27),
(203, 44, 479, '2004-10-16', 'Acquisizione', 30652, 44),
(204, 204, 479, '2004-10-16', 'Vendita', 36782.4, 7),
(205, 16, 117, '2004-03-10', 'Acquisizione', 11385, 20),
(206, 35, 75, '2010-03-23', 'Acquisizione', 22956, 48),
(207, 145, 75, '2010-03-23', 'Vendita', 27547.2, 50),
(208, 17, 657, '2005-10-06', 'Acquisizione', 4228, 47),
(209, 9, 31, '2006-10-20', 'Acquisizione', 32837, 12),
(210, 746, 31, '2006-10-20', 'Vendita', 39404.4, 26),
(211, 28, 55, '2007-11-10', 'Acquisizione', 26604, 49),
(212, 10, 602, '2003-07-22', 'Acquisizione', 37720, 41),
(213, 251, 602, '2003-07-22', 'Vendita', 45264.0, 17),
(214, 13, 480, '2012-12-08', 'Acquisizione', 39924, 21),
(215, 26, 353, '2010-12-06', 'Acquisizione', 19822, 31),
(216, 7, 208, '2014-01-25', 'Acquisizione', 14452, 13),
(217, 306, 208, '2014-01-25', 'Vendita', 17342.4, 40),
(218, 9, 873, '2001-02-26', 'Acquisizione', 28470, 33),
(219, 12, 368, '2004-11-09', 'Acquisizione', 7176, 33),
(220, 10, 618, '2010-01-19', 'Acquisizione', 32324, 11),
(221, 715, 618, '2010-01-19', 'Vendita', 38788.8, 3),
(222, 16, 688, '2009-06-16', 'Acquisizione', 24273, 26),
(223, 11, 688, '2009-06-16', 'Vendita', 29127.6, 34),
(224, 6, 525, '2011-10-08', 'Acquisizione', 14369, 5),
(225, 12, 138, '2011-11-29', 'Acquisizione', 19059, 24),
(226, 11, 810, '2005-01-29', 'Acquisizione', 30702, 26),
(227, 40, 987, '2011-05-23', 'Acquisizione', 5325, 22),
(228, 62, 987, '2011-05-23', 'Vendita', 6390.0, 32),
(229, 20, 141, '2007-12-05', 'Acquisizione', 4720, 17),
(230, 434, 141, '2007-12-05', 'Vendita', 5664.0, 24),
(231, 19, 233, '2011-01-24', 'Acquisizione', 28993, 9),
(232, 32, 611, '2013-11-28', 'Acquisizione', 7178, 30),
(233, 8, 219, '2010-06-11', 'Acquisizione', 14979, 4),
(234, 272, 219, '2010-06-11', 'Vendita', 17974.8, 10),
(235, 10, 451, '2004-03-25', 'Acquisizione', 17687, 14),
(236, 7, 981, '2003-09-07', 'Acquisizione', 28891, 48),
(237, 775, 981, '2003-09-07', 'Vendita', 34669.2, 1),
(238, 49, 874, '2009-03-19', 'Acquisizione', 22836, 32),
(239, 2, 252, '2001-07-31', 'Acquisizione', 35659, 32),
(240, 363, 252, '2001-07-31', 'Vendita', 42790.8, 27),
(241, 47, 370, '2003-09-15', 'Acquisizione', 3224, 24),
(242, 27, 306, '2013-08-08', 'Acquisizione', 19894, 47),
(243, 40, 603, '2008-07-29', 'Acquisizione', 37802, 39),
(244, 9, 201, '2010-03-05', 'Acquisizione', 33642, 32),
(245, 35, 753, '2002-11-14', 'Acquisizione', 11167, 41),
(246, 50, 541, '2012-02-13', 'Acquisizione', 36195, 12),
(247, 906, 541, '2012-02-13', 'Vendita', 43434.0, 48),
(248, 11, 48, '2006-02-03', 'Acquisizione', 4561, 8),
(249, 10, 318, '2010-02-14', 'Acquisizione', 9378, 30),
(250, 416, 318, '2010-02-14', 'Vendita', 11253.6, 2),
(251, 14, 249, '2009-04-09', 'Acquisizione', 29272, 24),
(252, 9, 704, '2010-08-12', 'Acquisizione', 22858, 31),
(253, 877, 704, '2010-08-12', 'Vendita', 27429.6, 28),
(254, 32, 256, '2009-07-10', 'Acquisizione', 39974, 13),
(255, 10, 734, '2006-01-29', 'Acquisizione', 25657, 9),
(256, 631, 734, '2006-01-29', 'Vendita', 30788.4, 12),
(257, 15, 290, '2011-02-10', 'Acquisizione', 18249, 50),
(258, 608, 290, '2011-02-10', 'Vendita', 21898.8, 10),
(259, 20, 456, '2013-02-20', 'Acquisizione', 7507, 42),
(260, 21, 70, '2001-09-03', 'Acquisizione', 16751, 8),
(261, 754, 70, '2001-09-03', 'Vendita', 20101.2, 16),
(262, 7, 782, '2009-09-28', 'Acquisizione', 19134, 46),
(263, 19, 782, '2009-09-28', 'Vendita', 22960.8, 31),
(264, 22, 627, '2010-12-28', 'Acquisizione', 19743, 14),
(265, 40, 330, '2009-07-22', 'Acquisizione', 35854, 22),
(266, 30, 978, '2012-06-05', 'Acquisizione', 19462, 32),
(267, 12, 97, '2005-11-01', 'Acquisizione', 26203, 47),
(268, 43, 379, '2011-06-24', 'Acquisizione', 3055, 16),
(269, 732, 379, '2011-06-24', 'Vendita', 3666.0, 17),
(270, 14, 302, '2008-07-04', 'Acquisizione', 8060, 9),
(271, 961, 302, '2008-07-04', 'Vendita', 9672.0, 36),
(272, 1, 860, '2011-06-26', 'Acquisizione', 29057, 20),
(273, 472, 860, '2011-06-26', 'Vendita', 34868.4, 18),
(274, 38, 985, '2011-05-13', 'Acquisizione', 23877, 47),
(275, 25, 221, '2011-07-02', 'Acquisizione', 7515, 47),
(276, 306, 221, '2011-07-02', 'Vendita', 9018.0, 20),
(277, 23, 175, '2013-09-14', 'Acquisizione', 12239, 34),
(278, 23, 274, '2005-09-12', 'Acquisizione', 36697, 43),
(279, 25, 19, '2013-05-27', 'Acquisizione', 27512, 47),
(280, 982, 19, '2013-05-27', 'Vendita', 33014.4, 6),
(281, 4, 220, '2006-03-18', 'Acquisizione', 34006, 20),
(282, 27, 703, '2005-05-10', 'Acquisizione', 11536, 12),
(283, 890, 703, '2005-05-10', 'Vendita', 13843.2, 22),
(284, 23, 251, '2004-01-22', 'Acquisizione', 27617, 42),
(285, 2, 61, '2007-02-25', 'Acquisizione', 18189, 32),
(286, 47, 902, '2002-11-08', 'Acquisizione', 13375, 37),
(287, 313, 902, '2002-11-08', 'Vendita', 16050.0, 40),
(288, 41, 930, '2004-05-24', 'Acquisizione', 2801, 2),
(289, 36, 98, '2008-10-24', 'Acquisizione', 6495, 3),
(290, 41, 16, '2004-12-24', 'Acquisizione', 35061, 20),
(291, 190, 16, '2004-12-24', 'Vendita', 42073.2, 42),
(292, 41, 587, '2014-01-27', 'Acquisizione', 35206, 21),
(293, 42, 211, '2008-05-24', 'Acquisizione', 27707, 41),
(294, 7, 211, '2008-05-24', 'Vendita', 33248.4, 46),
(295, 41, 457, '2005-12-27', 'Acquisizione', 24463, 26),
(296, 6, 703, '2001-05-14', 'Acquisizione', 30696, 17),
(297, 20, 323, '2004-01-02', 'Acquisizione', 8792, 47),
(298, 21, 928, '2011-04-13', 'Acquisizione', 12311, 22),
(299, 27, 928, '2011-04-13', 'Vendita', 14773.2, 46),
(300, 32, 967, '2012-07-29', 'Acquisizione', 4919, 8),
(301, 32, 176, '2014-07-02', 'Acquisizione', 20773, 39),
(302, 35, 636, '2011-08-18', 'Acquisizione', 9598, 15),
(303, 222, 636, '2011-08-18', 'Vendita', 11517.6, 50),
(304, 41, 686, '2001-04-11', 'Acquisizione', 27709, 19),
(305, 4, 626, '2008-02-06', 'Acquisizione', 8134, 26),
(306, 50, 543, '2002-01-29', 'Acquisizione', 5196, 43),
(307, 12, 731, '2005-04-10', 'Acquisizione', 37748, 49),
(308, 205, 731, '2005-04-10', 'Vendita', 45297.6, 11),
(309, 45, 334, '2013-06-08', 'Acquisizione', 31045, 33),
(310, 497, 334, '2013-06-08', 'Vendita', 37254.0, 43),
(311, 18, 24, '2011-09-06', 'Acquisizione', 15324, 29),
(312, 16, 649, '2012-11-02', 'Acquisizione', 16925, 21),
(313, 48, 892, '2006-04-30', 'Acquisizione', 7450, 34),
(314, 14, 792, '2011-05-19', 'Acquisizione', 38471, 16),
(315, 811, 792, '2011-05-19', 'Vendita', 46165.2, 32),
(316, 1, 735, '2010-07-30', 'Acquisizione', 17243, 12),
(317, 32, 64, '2013-05-16', 'Acquisizione', 18969, 19),
(318, 24, 79, '2002-07-26', 'Acquisizione', 10451, 46),
(319, 166, 79, '2002-07-26', 'Vendita', 12541.2, 11),
(320, 43, 321, '2013-05-30', 'Acquisizione', 17051, 13),
(321, 25, 58, '2001-05-02', 'Acquisizione', 32874, 18),
(322, 37, 958, '2003-04-10', 'Acquisizione', 29249, 37),
(323, 199, 958, '2003-04-10', 'Vendita', 35098.8, 46),
(324, 43, 173, '2005-07-12', 'Acquisizione', 17380, 1),
(325, 32, 787, '2001-05-15', 'Acquisizione', 14883, 16),
(326, 37, 184, '2009-04-11', 'Acquisizione', 7563, 42),
(327, 3, 901, '2004-12-17', 'Acquisizione', 22322, 38),
(328, 952, 901, '2004-12-17', 'Vendita', 26786.4, 43),
(329, 25, 337, '2003-01-23', 'Acquisizione', 19799, 2),
(330, 629, 337, '2003-01-23', 'Vendita', 23758.8, 47),
(331, 18, 909, '2008-09-29', 'Acquisizione', 2358, 16),
(332, 288, 909, '2008-09-29', 'Vendita', 2829.6, 44),
(333, 4, 619, '2013-07-04', 'Acquisizione', 5711, 6),
(334, 618, 619, '2013-07-04', 'Vendita', 6853.2, 37),
(335, 38, 307, '2009-05-08', 'Acquisizione', 2189, 9),
(336, 948, 307, '2009-05-08', 'Vendita', 2626.8, 27),
(337, 4, 185, '2012-12-21', 'Acquisizione', 4898, 21),
(338, 14, 963, '2009-04-28', 'Acquisizione', 15705, 31),
(339, 25, 963, '2009-04-28', 'Vendita', 18846.0, 8),
(340, 41, 291, '2006-11-23', 'Acquisizione', 12563, 12),
(341, 40, 932, '2010-09-07', 'Acquisizione', 32800, 23),
(342, 8, 301, '2003-01-08', 'Acquisizione', 3516, 17),
(343, 29, 301, '2003-01-08', 'Vendita', 4219.2, 8),
(344, 18, 334, '2012-03-11', 'Acquisizione', 9943, 28),
(345, 469, 334, '2012-03-11', 'Vendita', 11931.6, 18),
(346, 23, 81, '2011-05-12', 'Acquisizione', 37539, 18),
(347, 130, 81, '2011-05-12', 'Vendita', 45046.8, 6),
(348, 49, 989, '2006-05-05', 'Acquisizione', 6883, 2),
(349, 18, 465, '2004-08-21', 'Acquisizione', 21784, 42),
(350, 273, 465, '2004-08-21', 'Vendita', 26140.8, 33),
(351, 5, 644, '2007-07-04', 'Acquisizione', 37145, 25),
(352, 715, 644, '2007-07-04', 'Vendita', 44574.0, 48),
(353, 5, 606, '2006-08-18', 'Acquisizione', 36042, 2),
(354, 308, 606, '2006-08-18', 'Vendita', 43250.4, 47),
(355, 26, 147, '2009-11-11', 'Acquisizione', 20320, 27),
(356, 31, 759, '2010-08-01', 'Acquisizione', 23317, 47),
(357, 42, 226, '2011-09-11', 'Acquisizione', 33310, 17),
(358, 22, 428, '2014-08-31', 'Acquisizione', 38617, 42),
(359, 49, 353, '2011-09-27', 'Acquisizione', 29039, 46),
(360, 14, 942, '2010-09-03', 'Acquisizione', 16297, 9),
(361, 23, 167, '2003-04-30', 'Acquisizione', 27092, 34),
(362, 191, 167, '2003-04-30', 'Vendita', 32510.4, 32),
(363, 12, 775, '2005-05-04', 'Acquisizione', 20626, 43),
(364, 5, 807, '2003-02-18', 'Acquisizione', 27132, 29),
(365, 285, 807, '2003-02-18', 'Vendita', 32558.4, 43),
(366, 3, 233, '2001-02-09', 'Acquisizione', 20728, 35),
(367, 937, 233, '2001-02-09', 'Vendita', 24873.6, 2),
(368, 7, 953, '2010-07-01', 'Acquisizione', 20647, 37),
(369, 469, 953, '2010-07-01', 'Vendita', 24776.4, 11),
(370, 40, 964, '2012-03-05', 'Acquisizione', 3012, 14),
(371, 36, 613, '2012-09-01', 'Acquisizione', 25949, 41),
(372, 19, 341, '2002-02-07', 'Acquisizione', 8774, 10),
(373, 624, 341, '2002-02-07', 'Vendita', 10528.8, 47),
(374, 41, 178, '2014-03-02', 'Acquisizione', 22439, 3),
(375, 463, 178, '2014-03-02', 'Vendita', 26926.8, 36),
(376, 19, 112, '2013-12-30', 'Acquisizione', 10145, 41),
(377, 21, 551, '2001-06-13', 'Acquisizione', 21682, 38),
(378, 633, 551, '2001-06-13', 'Vendita', 26018.4, 3),
(379, 19, 642, '2013-01-05', 'Acquisizione', 6762, 18),
(380, 8, 999, '2011-02-23', 'Acquisizione', 25569, 13),
(381, 854, 999, '2011-02-23', 'Vendita', 30682.8, 3),
(382, 33, 452, '2005-03-31', 'Acquisizione', 28741, 40),
(383, 20, 332, '2006-07-23', 'Acquisizione', 23710, 3),
(384, 941, 332, '2006-07-23', 'Vendita', 28452.0, 10),
(385, 10, 659, '2006-04-13', 'Acquisizione', 3351, 44),
(386, 16, 142, '2002-08-06', 'Acquisizione', 12376, 29),
(387, 17, 559, '2002-08-10', 'Acquisizione', 13443, 34),
(388, 14, 827, '2012-10-18', 'Acquisizione', 20807, 3),
(389, 3, 456, '2004-04-01', 'Acquisizione', 31318, 4),
(390, 46, 247, '2007-11-17', 'Acquisizione', 32134, 40),
(391, 38, 115, '2011-11-29', 'Acquisizione', 9321, 47),
(392, 50, 126, '2007-03-11', 'Acquisizione', 12136, 37),
(393, 298, 126, '2007-03-11', 'Vendita', 14563.2, 5),
(394, 19, 206, '2003-03-23', 'Acquisizione', 24481, 31),
(395, 241, 206, '2003-03-23', 'Vendita', 29377.2, 33),
(396, 40, 787, '2008-05-17', 'Acquisizione', 36429, 41),
(397, 13, 636, '2012-11-27', 'Acquisizione', 33517, 35),
(398, 23, 288, '2004-07-18', 'Acquisizione', 22658, 25),
(399, 32, 697, '2007-07-19', 'Acquisizione', 25830, 6),
(400, 735, 697, '2007-07-19', 'Vendita', 30996.0, 22),
(401, 8, 113, '2002-05-25', 'Acquisizione', 4081, 10),
(402, 29, 154, '2009-12-15', 'Acquisizione', 28907, 33),
(403, 38, 931, '2014-07-21', 'Acquisizione', 12563, 40),
(404, 48, 156, '2002-12-19', 'Acquisizione', 36117, 44),
(405, 916, 156, '2002-12-19', 'Vendita', 43340.4, 26),
(406, 33, 556, '2004-04-03', 'Acquisizione', 30427, 49),
(407, 84, 556, '2004-04-03', 'Vendita', 36512.4, 30),
(408, 18, 60, '2003-12-21', 'Acquisizione', 8796, 37),
(409, 90, 60, '2003-12-21', 'Vendita', 10555.2, 9),
(410, 39, 342, '2001-07-31', 'Acquisizione', 17394, 7),
(411, 9, 441, '2005-07-05', 'Acquisizione', 28500, 24),
(412, 35, 498, '2003-08-04', 'Acquisizione', 23809, 45),
(413, 36, 48, '2004-09-06', 'Acquisizione', 35733, 36),
(414, 337, 48, '2004-09-06', 'Vendita', 42879.6, 43),
(415, 22, 858, '2010-03-06', 'Acquisizione', 21753, 46),
(416, 1, 139, '2010-06-16', 'Acquisizione', 3222, 1),
(417, 280, 139, '2010-06-16', 'Vendita', 3866.4, 38),
(418, 42, 554, '2001-09-29', 'Acquisizione', 28531, 47),
(419, 399, 554, '2001-09-29', 'Vendita', 34237.2, 1),
(420, 34, 865, '2005-03-01', 'Acquisizione', 38441, 11),
(421, 170, 865, '2005-03-01', 'Vendita', 46129.2, 7),
(422, 39, 495, '2010-03-13', 'Acquisizione', 25419, 1),
(423, 29, 818, '2005-04-15', 'Acquisizione', 35621, 10),
(424, 24, 830, '2005-04-07', 'Acquisizione', 20766, 44),
(425, 161, 830, '2005-04-07', 'Vendita', 24919.2, 41),
(426, 29, 28, '2010-10-29', 'Acquisizione', 6488, 49),
(427, 109, 28, '2010-10-29', 'Vendita', 7785.6, 20),
(428, 27, 628, '2005-04-13', 'Acquisizione', 11619, 47),
(429, 174, 628, '2005-04-13', 'Vendita', 13942.8, 44),
(430, 17, 442, '2012-02-08', 'Acquisizione', 21015, 38),
(431, 455, 442, '2012-02-08', 'Vendita', 25218.0, 24),
(432, 2, 763, '2012-01-21', 'Acquisizione', 5868, 44),
(433, 6, 37, '2013-05-01', 'Acquisizione', 3315, 11),
(434, 24, 364, '2008-08-02', 'Acquisizione', 17862, 32),
(435, 618, 364, '2008-08-02', 'Vendita', 21434.4, 13),
(436, 29, 545, '2005-05-13', 'Acquisizione', 35769, 14),
(437, 34, 342, '2001-09-11', 'Acquisizione', 38066, 31),
(438, 16, 863, '2006-07-28', 'Acquisizione', 3013, 43),
(439, 37, 903, '2011-05-27', 'Acquisizione', 23594, 44),
(440, 532, 903, '2011-05-27', 'Vendita', 28312.8, 1),
(441, 40, 520, '2001-03-18', 'Acquisizione', 11879, 1),
(442, 20, 661, '2011-10-17', 'Acquisizione', 15778, 48),
(443, 309, 661, '2011-10-17', 'Vendita', 18933.6, 47),
(444, 45, 24, '2006-04-29', 'Acquisizione', 5372, 36),
(445, 98, 24, '2006-04-29', 'Vendita', 6446.4, 45),
(446, 16, 501, '2002-01-18', 'Acquisizione', 20197, 23),
(447, 47, 985, '2009-04-13', 'Acquisizione', 32079, 26),
(448, 49, 965, '2004-07-20', 'Acquisizione', 8708, 7),
(449, 397, 965, '2004-07-20', 'Vendita', 10449.6, 41),
(450, 40, 926, '2005-02-17', 'Acquisizione', 18611, 31),
(451, 1, 520, '2011-06-19', 'Acquisizione', 39154, 42),
(452, 31, 978, '2007-04-13', 'Acquisizione', 2503, 22),
(453, 708, 978, '2007-04-13', 'Vendita', 3003.6, 33),
(454, 8, 75, '2013-05-03', 'Acquisizione', 12926, 13),
(455, 37, 762, '2011-08-09', 'Acquisizione', 13859, 50),
(456, 45, 120, '2009-01-09', 'Acquisizione', 18463, 26),
(457, 140, 120, '2009-01-09', 'Vendita', 22155.6, 21),
(458, 11, 134, '2004-10-21', 'Acquisizione', 33867, 42),
(459, 737, 134, '2004-10-21', 'Vendita', 40640.4, 7),
(460, 37, 85, '2006-08-22', 'Acquisizione', 4343, 45),
(461, 22, 571, '2001-06-11', 'Acquisizione', 9212, 45),
(462, 90, 571, '2001-06-11', 'Vendita', 11054.4, 14),
(463, 24, 66, '2011-04-14', 'Acquisizione', 28710, 17),
(464, 682, 66, '2011-04-14', 'Vendita', 34452.0, 4),
(465, 17, 526, '2013-10-06', 'Acquisizione', 38882, 39),
(466, 14, 15, '2007-04-02', 'Acquisizione', 18758, 3),
(467, 939, 15, '2007-04-02', 'Vendita', 22509.6, 6),
(468, 2, 599, '2013-05-10', 'Acquisizione', 32058, 41),
(469, 667, 599, '2013-05-10', 'Vendita', 38469.6, 50),
(470, 8, 926, '2014-02-28', 'Acquisizione', 6778, 17),
(471, 26, 172, '2011-11-22', 'Acquisizione', 2388, 6),
(472, 45, 996, '2002-08-12', 'Acquisizione', 13516, 15),
(473, 799, 996, '2002-08-12', 'Vendita', 16219.2, 9),
(474, 22, 90, '2003-04-23', 'Acquisizione', 18225, 12),
(475, 675, 90, '2003-04-23', 'Vendita', 21870.0, 7),
(476, 9, 621, '2010-03-23', 'Acquisizione', 21494, 42),
(477, 972, 621, '2010-03-23', 'Vendita', 25792.8, 27),
(478, 29, 520, '2001-06-16', 'Acquisizione', 10067, 47),
(479, 263, 520, '2001-06-16', 'Vendita', 12080.4, 7),
(480, 32, 751, '2010-07-17', 'Acquisizione', 35742, 37),
(481, 22, 778, '2014-08-29', 'Acquisizione', 15008, 18),
(482, 1, 538, '2007-01-01', 'Acquisizione', 5797, 16),
(483, 841, 538, '2007-01-01', 'Vendita', 6956.4, 1),
(484, 31, 857, '2014-05-12', 'Acquisizione', 31691, 14),
(485, 871, 857, '2014-05-12', 'Vendita', 38029.2, 15),
(486, 11, 828, '2010-06-13', 'Acquisizione', 31217, 21),
(487, 475, 828, '2010-06-13', 'Vendita', 37460.4, 24),
(488, 11, 36, '2003-04-01', 'Acquisizione', 36015, 30),
(489, 31, 289, '2012-07-16', 'Acquisizione', 32880, 38),
(490, 327, 289, '2012-07-16', 'Vendita', 39456.0, 26),
(491, 21, 649, '2007-01-17', 'Acquisizione', 17020, 28),
(492, 46, 441, '2005-09-22', 'Acquisizione', 6356, 41),
(493, 5, 441, '2005-09-22', 'Vendita', 7627.2, 26),
(494, 9, 53, '2014-05-08', 'Acquisizione', 37159, 13),
(495, 187, 53, '2014-05-08', 'Vendita', 44590.8, 1),
(496, 23, 387, '2011-04-03', 'Acquisizione', 35467, 31),
(497, 550, 387, '2011-04-03', 'Vendita', 42560.4, 23),
(498, 22, 48, '2008-05-12', 'Acquisizione', 35874, 8),
(499, 6, 652, '2009-11-09', 'Acquisizione', 21861, 34),
(500, 13, 556, '2005-09-26', 'Acquisizione', 21076, 45),
(501, 974, 556, '2005-09-26', 'Vendita', 25291.2, 19),
(502, 15, 683, '2003-01-01', 'Acquisizione', 7342, 50),
(503, 37, 498, '2001-12-23', 'Acquisizione', 13935, 17),
(504, 44, 498, '2001-12-23', 'Vendita', 16722.0, 18),
(505, 5, 306, '2003-06-10', 'Acquisizione', 35547, 34),
(506, 43, 827, '2002-02-02', 'Acquisizione', 35434, 26),
(507, 875, 827, '2002-02-02', 'Vendita', 42520.8, 30),
(508, 17, 121, '2005-04-21', 'Acquisizione', 38762, 28),
(509, 683, 121, '2005-04-21', 'Vendita', 46514.4, 21),
(510, 23, 138, '2009-04-01', 'Acquisizione', 28803, 24),
(511, 884, 138, '2009-04-01', 'Vendita', 34563.6, 15),
(512, 40, 275, '2009-07-07', 'Acquisizione', 25815, 40),
(513, 499, 275, '2009-07-07', 'Vendita', 30978.0, 7),
(514, 40, 725, '2014-09-03', 'Acquisizione', 36191, 34),
(515, 356, 725, '2014-09-03', 'Vendita', 43429.2, 21),
(516, 11, 778, '2003-05-24', 'Acquisizione', 27795, 20),
(517, 289, 778, '2003-05-24', 'Vendita', 33354.0, 8),
(518, 28, 286, '2004-05-12', 'Acquisizione', 19887, 35),
(519, 494, 286, '2004-05-12', 'Vendita', 23864.4, 40),
(520, 20, 923, '2013-08-28', 'Acquisizione', 17718, 39),
(521, 653, 923, '2013-08-28', 'Vendita', 21261.6, 18),
(522, 4, 25, '2007-04-28', 'Acquisizione', 18656, 5),
(523, 8, 130, '2002-10-08', 'Acquisizione', 16897, 33),
(524, 6, 713, '2005-06-15', 'Acquisizione', 35751, 29),
(525, 21, 713, '2005-06-15', 'Vendita', 42901.2, 23),
(526, 27, 822, '2006-09-18', 'Acquisizione', 31928, 37),
(527, 577, 822, '2006-09-18', 'Vendita', 38313.6, 13),
(528, 12, 231, '2002-02-05', 'Acquisizione', 8364, 20),
(529, 63, 231, '2002-02-05', 'Vendita', 10036.8, 20),
(530, 19, 413, '2006-11-04', 'Acquisizione', 3942, 32),
(531, 44, 642, '2007-07-24', 'Acquisizione', 5637, 8),
(532, 608, 642, '2007-07-24', 'Vendita', 6764.4, 12),
(533, 38, 60, '2014-03-03', 'Acquisizione', 31522, 12),
(534, 14, 997, '2010-01-11', 'Acquisizione', 15647, 25),
(535, 333, 997, '2010-01-11', 'Vendita', 18776.4, 6),
(536, 18, 599, '2002-06-24', 'Acquisizione', 15600, 49),
(537, 34, 952, '2002-09-03', 'Acquisizione', 23653, 43),
(538, 16, 663, '2003-02-04', 'Acquisizione', 24367, 16),
(539, 42, 420, '2002-02-20', 'Acquisizione', 32245, 44),
(540, 752, 420, '2002-02-20', 'Vendita', 38694.0, 49),
(541, 18, 747, '2013-02-09', 'Acquisizione', 11873, 15),
(542, 5, 667, '2008-10-13', 'Acquisizione', 14024, 38),
(543, 32, 201, '2003-10-03', 'Acquisizione', 14709, 50),
(544, 23, 216, '2004-02-01', 'Acquisizione', 6773, 2),
(545, 928, 216, '2004-02-01', 'Vendita', 8127.6, 40),
(546, 13, 544, '2011-02-22', 'Acquisizione', 7609, 47),
(547, 180, 544, '2011-02-22', 'Vendita', 9130.8, 9),
(548, 30, 935, '2014-03-23', 'Acquisizione', 24066, 14),
(549, 193, 935, '2014-03-23', 'Vendita', 28879.2, 2),
(550, 27, 320, '2001-02-08', 'Acquisizione', 4050, 12),
(551, 36, 928, '2011-07-26', 'Acquisizione', 11808, 49),
(552, 34, 928, '2011-07-26', 'Vendita', 14169.6, 36),
(553, 17, 6, '2004-05-28', 'Acquisizione', 39622, 25),
(554, 162, 6, '2004-05-28', 'Vendita', 47546.4, 2),
(555, 33, 694, '2005-08-09', 'Acquisizione', 7025, 49),
(556, 8, 776, '2006-06-30', 'Acquisizione', 28624, 8),
(557, 9, 912, '2011-05-19', 'Acquisizione', 25417, 32),
(558, 770, 912, '2011-05-19', 'Vendita', 30500.4, 32),
(559, 22, 966, '2011-09-14', 'Acquisizione', 14801, 24),
(560, 803, 966, '2011-09-14', 'Vendita', 17761.2, 25),
(561, 50, 402, '2002-05-05', 'Acquisizione', 37822, 14),
(562, 1, 128, '2005-03-23', 'Acquisizione', 5625, 40),
(563, 755, 128, '2005-03-23', 'Vendita', 6750.0, 3),
(564, 46, 194, '2004-02-09', 'Acquisizione', 23462, 34),
(565, 10, 764, '2008-01-23', 'Acquisizione', 35465, 2),
(566, 11, 1, '2002-08-31', 'Acquisizione', 26121, 2),
(567, 42, 921, '2008-11-17', 'Acquisizione', 33953, 14),
(568, 244, 921, '2008-11-17', 'Vendita', 40743.6, 30),
(569, 10, 591, '2013-09-17', 'Acquisizione', 28018, 17),
(570, 749, 591, '2013-09-17', 'Vendita', 33621.6, 4),
(571, 16, 138, '2010-11-02', 'Acquisizione', 39445, 33),
(572, 5, 375, '2012-10-19', 'Acquisizione', 13308, 45),
(573, 194, 375, '2012-10-19', 'Vendita', 15969.6, 21),
(574, 23, 915, '2004-04-27', 'Acquisizione', 7664, 20),
(575, 39, 625, '2004-06-29', 'Acquisizione', 5186, 43),
(576, 351, 625, '2004-06-29', 'Vendita', 6223.2, 47),
(577, 47, 59, '2010-03-15', 'Acquisizione', 18246, 16),
(578, 431, 59, '2010-03-15', 'Vendita', 21895.2, 40),
(579, 12, 545, '2013-12-17', 'Acquisizione', 24587, 8),
(580, 286, 545, '2013-12-17', 'Vendita', 29504.4, 11),
(581, 17, 232, '2003-04-11', 'Acquisizione', 39117, 2),
(582, 891, 232, '2003-04-11', 'Vendita', 46940.4, 43),
(583, 16, 436, '2002-10-25', 'Acquisizione', 12267, 9),
(584, 30, 331, '2002-12-09', 'Acquisizione', 39320, 6),
(585, 16, 568, '2009-03-21', 'Acquisizione', 30637, 3),
(586, 50, 469, '2001-12-29', 'Acquisizione', 38494, 28),
(587, 151, 469, '2001-12-29', 'Vendita', 46192.8, 45),
(588, 46, 352, '2014-02-26', 'Acquisizione', 15063, 45),
(589, 48, 43, '2012-10-27', 'Acquisizione', 17837, 9),
(590, 10, 43, '2012-10-27', 'Vendita', 21404.4, 45),
(591, 4, 810, '2005-02-16', 'Acquisizione', 8760, 17),
(592, 34, 949, '2003-11-16', 'Acquisizione', 7884, 39),
(593, 47, 836, '2002-12-03', 'Acquisizione', 30931, 32),
(594, 13, 836, '2002-12-03', 'Vendita', 37117.2, 2),
(595, 15, 82, '2008-12-01', 'Acquisizione', 36660, 45),
(596, 5, 846, '2012-06-14', 'Acquisizione', 14384, 22),
(597, 809, 846, '2012-06-14', 'Vendita', 17260.8, 4),
(598, 20, 182, '2006-02-02', 'Acquisizione', 39839, 27),
(599, 494, 182, '2006-02-02', 'Vendita', 47806.8, 48),
(600, 2, 783, '2006-12-30', 'Acquisizione', 17883, 8),
(601, 450, 783, '2006-12-30', 'Vendita', 21459.6, 13),
(602, 1, 811, '2002-04-24', 'Acquisizione', 28125, 8),
(603, 635, 811, '2002-04-24', 'Vendita', 33750.0, 41),
(604, 8, 678, '2006-09-01', 'Acquisizione', 16792, 25),
(605, 5, 87, '2010-10-25', 'Acquisizione', 31691, 7),
(606, 6, 12, '2004-01-10', 'Acquisizione', 34681, 33),
(607, 3, 120, '2002-02-12', 'Acquisizione', 4000, 47),
(608, 208, 120, '2002-02-12', 'Vendita', 4800.0, 22),
(609, 24, 24, '2006-02-08', 'Acquisizione', 39148, 37),
(610, 46, 852, '2011-09-29', 'Acquisizione', 31910, 12),
(611, 32, 47, '2008-03-02', 'Acquisizione', 12506, 21),
(612, 374, 47, '2008-03-02', 'Vendita', 15007.2, 47),
(613, 19, 314, '2002-02-20', 'Acquisizione', 9616, 9),
(614, 476, 314, '2002-02-20', 'Vendita', 11539.2, 25),
(615, 21, 115, '2001-09-22', 'Acquisizione', 5925, 14),
(616, 1, 591, '2003-11-14', 'Acquisizione', 8307, 36),
(617, 248, 591, '2003-11-14', 'Vendita', 9968.4, 19),
(618, 1, 459, '2006-03-09', 'Acquisizione', 28362, 19),
(619, 36, 257, '2005-10-10', 'Acquisizione', 37874, 20),
(620, 36, 26, '2005-09-06', 'Acquisizione', 37074, 40),
(621, 18, 234, '2009-01-13', 'Acquisizione', 9659, 7),
(622, 50, 586, '2007-05-23', 'Acquisizione', 16039, 30),
(623, 11, 555, '2002-03-14', 'Acquisizione', 25696, 45),
(624, 6, 256, '2011-12-29', 'Acquisizione', 28155, 35),
(625, 643, 256, '2011-12-29', 'Vendita', 33786.0, 45),
(626, 41, 903, '2010-09-23', 'Acquisizione', 11184, 24),
(627, 207, 903, '2010-09-23', 'Vendita', 13420.8, 11),
(628, 28, 220, '2008-04-16', 'Acquisizione', 33959, 48),
(629, 976, 220, '2008-04-16', 'Vendita', 40750.8, 37),
(630, 19, 107, '2006-07-19', 'Acquisizione', 15016, 17),
(631, 997, 107, '2006-07-19', 'Vendita', 18019.2, 43),
(632, 32, 634, '2004-12-15', 'Acquisizione', 8988, 10),
(633, 619, 634, '2004-12-15', 'Vendita', 10785.6, 49),
(634, 22, 764, '2012-05-15', 'Acquisizione', 23666, 36),
(635, 248, 764, '2012-05-15', 'Vendita', 28399.2, 37),
(636, 30, 671, '2004-09-24', 'Acquisizione', 18073, 24),
(637, 33, 367, '2004-01-02', 'Acquisizione', 16142, 16),
(638, 14, 4, '2010-04-30', 'Acquisizione', 21553, 20),
(639, 628, 4, '2010-04-30', 'Vendita', 25863.6, 28),
(640, 6, 180, '2006-06-11', 'Acquisizione', 2225, 2),
(641, 43, 906, '2007-06-01', 'Acquisizione', 31636, 42),
(642, 2, 879, '2004-04-09', 'Acquisizione', 23418, 11),
(643, 408, 879, '2004-04-09', 'Vendita', 28101.6, 15),
(644, 3, 591, '2012-07-03', 'Acquisizione', 20284, 26),
(645, 407, 591, '2012-07-03', 'Vendita', 24340.8, 28),
(646, 1, 818, '2013-03-01', 'Acquisizione', 26298, 1),
(647, 197, 818, '2013-03-01', 'Vendita', 31557.6, 49),
(648, 28, 558, '2008-03-20', 'Acquisizione', 9720, 31),
(649, 5, 419, '2014-07-25', 'Acquisizione', 16430, 3),
(650, 21, 158, '2004-10-05', 'Acquisizione', 8609, 6),
(651, 8, 104, '2010-10-13', 'Acquisizione', 26570, 35),
(652, 132, 104, '2010-10-13', 'Vendita', 31884.0, 34),
(653, 14, 320, '2012-03-17', 'Acquisizione', 4295, 22),
(654, 25, 462, '2002-01-19', 'Acquisizione', 11363, 2),
(655, 17, 129, '2013-11-06', 'Acquisizione', 12578, 33),
(656, 12, 639, '2005-08-31', 'Acquisizione', 10885, 50),
(657, 879, 639, '2005-08-31', 'Vendita', 13062.0, 47),
(658, 23, 362, '2004-03-18', 'Acquisizione', 26216, 32),
(659, 689, 362, '2004-03-18', 'Vendita', 31459.2, 34),
(660, 9, 919, '2006-02-15', 'Acquisizione', 4811, 20),
(661, 347, 919, '2006-02-15', 'Vendita', 5773.2, 35),
(662, 8, 426, '2001-02-16', 'Acquisizione', 38678, 19),
(663, 979, 426, '2001-02-16', 'Vendita', 46413.6, 11),
(664, 4, 800, '2011-01-30', 'Acquisizione', 18833, 24),
(665, 410, 800, '2011-01-30', 'Vendita', 22599.6, 18),
(666, 26, 973, '2010-04-23', 'Acquisizione', 29621, 18),
(667, 279, 973, '2010-04-23', 'Vendita', 35545.2, 30),
(668, 11, 46, '2003-10-23', 'Acquisizione', 30088, 11),
(669, 362, 46, '2003-10-23', 'Vendita', 36105.6, 42),
(670, 38, 69, '2004-05-13', 'Acquisizione', 21331, 37),
(671, 25, 697, '2009-02-28', 'Acquisizione', 3707, 50),
(672, 932, 697, '2009-02-28', 'Vendita', 4448.4, 9),
(673, 33, 113, '2002-10-16', 'Acquisizione', 11513, 43),
(674, 47, 440, '2004-01-05', 'Acquisizione', 9741, 42),
(675, 461, 440, '2004-01-05', 'Vendita', 11689.2, 3),
(676, 42, 155, '2002-09-28', 'Acquisizione', 2046, 29),
(677, 207, 155, '2002-09-28', 'Vendita', 2455.2, 29),
(678, 33, 623, '2012-09-18', 'Acquisizione', 22672, 1),
(679, 58, 623, '2012-09-18', 'Vendita', 27206.4, 46),
(680, 15, 692, '2005-10-23', 'Acquisizione', 28519, 46),
(681, 48, 751, '2012-06-09', 'Acquisizione', 22657, 40),
(682, 731, 751, '2012-06-09', 'Vendita', 27188.4, 36),
(683, 23, 947, '2006-09-12', 'Acquisizione', 13180, 25),
(684, 180, 947, '2006-09-12', 'Vendita', 15816.0, 45),
(685, 47, 823, '2007-06-28', 'Acquisizione', 25754, 35),
(686, 658, 823, '2007-06-28', 'Vendita', 30904.8, 15),
(687, 40, 689, '2006-11-21', 'Acquisizione', 8996, 15),
(688, 236, 689, '2006-11-21', 'Vendita', 10795.2, 14),
(689, 44, 340, '2009-11-16', 'Acquisizione', 3346, 40),
(690, 46, 474, '2005-08-31', 'Acquisizione', 8865, 43),
(691, 209, 474, '2005-08-31', 'Vendita', 10638.0, 50),
(692, 6, 538, '2006-02-11', 'Acquisizione', 3427, 12),
(693, 298, 538, '2006-02-11', 'Vendita', 4112.4, 24),
(694, 26, 718, '2014-02-27', 'Acquisizione', 17375, 33),
(695, 19, 22, '2005-02-11', 'Acquisizione', 29673, 30),
(696, 50, 551, '2013-05-26', 'Acquisizione', 28250, 5),
(697, 29, 462, '2002-04-05', 'Acquisizione', 6760, 9),
(698, 50, 425, '2014-09-04', 'Acquisizione', 29647, 13),
(699, 794, 425, '2014-09-04', 'Vendita', 35576.4, 1),
(700, 20, 80, '2006-07-13', 'Acquisizione', 23952, 19),
(701, 95, 80, '2006-07-13', 'Vendita', 28742.4, 38),
(702, 28, 621, '2010-11-03', 'Acquisizione', 26436, 24),
(703, 779, 621, '2010-11-03', 'Vendita', 31723.2, 5),
(704, 35, 579, '2008-12-23', 'Acquisizione', 19741, 9),
(705, 37, 856, '2008-03-01', 'Acquisizione', 34769, 38),
(706, 460, 856, '2008-03-01', 'Vendita', 41722.8, 23),
(707, 17, 23, '2003-10-26', 'Acquisizione', 22304, 7),
(708, 5, 23, '2003-10-26', 'Vendita', 26764.8, 47),
(709, 44, 843, '2002-07-08', 'Acquisizione', 26952, 25),
(710, 705, 843, '2002-07-08', 'Vendita', 32342.4, 46),
(711, 24, 865, '2014-09-05', 'Acquisizione', 37558, 42),
(712, 931, 865, '2014-09-05', 'Vendita', 45069.6, 21),
(713, 17, 283, '2007-01-20', 'Acquisizione', 6910, 47),
(714, 40, 98, '2013-10-09', 'Acquisizione', 38843, 29),
(715, 7, 773, '2007-05-18', 'Acquisizione', 29439, 43),
(716, 21, 928, '2006-08-23', 'Acquisizione', 4755, 19),
(717, 19, 323, '2014-01-04', 'Acquisizione', 12058, 48),
(718, 797, 323, '2014-01-04', 'Vendita', 14469.6, 29),
(719, 43, 128, '2008-06-27', 'Acquisizione', 22388, 45),
(720, 475, 128, '2008-06-27', 'Vendita', 26865.6, 47),
(721, 20, 356, '2014-03-13', 'Acquisizione', 20373, 15),
(722, 39, 229, '2013-03-12', 'Acquisizione', 26463, 25),
(723, 13, 229, '2013-03-12', 'Vendita', 31755.6, 14),
(724, 14, 615, '2009-02-20', 'Acquisizione', 3781, 25),
(725, 5, 480, '2008-05-24', 'Acquisizione', 8919, 32),
(726, 42, 861, '2012-09-16', 'Acquisizione', 17075, 40),
(727, 495, 861, '2012-09-16', 'Vendita', 20490.0, 30),
(728, 20, 626, '2013-01-05', 'Acquisizione', 36107, 2),
(729, 26, 692, '2012-03-31', 'Acquisizione', 3029, 9),
(730, 820, 692, '2012-03-31', 'Vendita', 3634.8, 49),
(731, 45, 526, '2013-06-14', 'Acquisizione', 8026, 3),
(732, 677, 526, '2013-06-14', 'Vendita', 9631.2, 10),
(733, 16, 194, '2005-04-05', 'Acquisizione', 17051, 26),
(734, 771, 194, '2005-04-05', 'Vendita', 20461.2, 3),
(735, 1, 117, '2004-07-25', 'Acquisizione', 37883, 26),
(736, 13, 972, '2013-11-01', 'Acquisizione', 26232, 30),
(737, 37, 744, '2007-10-17', 'Acquisizione', 36369, 3),
(738, 52, 744, '2007-10-17', 'Vendita', 43642.8, 26),
(739, 21, 982, '2010-01-06', 'Acquisizione', 20362, 19),
(740, 753, 982, '2010-01-06', 'Vendita', 24434.4, 34),
(741, 48, 723, '2002-07-13', 'Acquisizione', 13036, 29),
(742, 44, 222, '2005-10-19', 'Acquisizione', 37132, 49),
(743, 6, 984, '2010-03-22', 'Acquisizione', 5621, 46),
(744, 875, 984, '2010-03-22', 'Vendita', 6745.2, 26),
(745, 29, 321, '2006-01-16', 'Acquisizione', 38970, 48),
(746, 799, 321, '2006-01-16', 'Vendita', 46764.0, 13),
(747, 21, 708, '2007-11-26', 'Acquisizione', 26334, 2),
(748, 887, 708, '2007-11-26', 'Vendita', 31600.8, 50),
(749, 5, 344, '2002-12-13', 'Acquisizione', 31263, 4),
(750, 14, 283, '2012-10-30', 'Acquisizione', 5247, 9),
(751, 46, 295, '2013-07-17', 'Acquisizione', 3787, 40),
(752, 709, 295, '2013-07-17', 'Vendita', 4544.4, 40),
(753, 47, 989, '2001-06-20', 'Acquisizione', 34162, 1),
(754, 384, 989, '2001-06-20', 'Vendita', 40994.4, 35),
(755, 37, 615, '2001-02-14', 'Acquisizione', 29874, 10),
(756, 725, 615, '2001-02-14', 'Vendita', 35848.8, 8),
(757, 14, 889, '2014-07-04', 'Acquisizione', 38006, 33),
(758, 47, 41, '2010-02-07', 'Acquisizione', 28573, 43),
(759, 22, 988, '2013-09-03', 'Acquisizione', 36930, 21),
(760, 24, 17, '2012-07-30', 'Acquisizione', 7004, 44),
(761, 161, 17, '2012-07-30', 'Vendita', 8404.8, 4),
(762, 7, 152, '2003-09-04', 'Acquisizione', 25891, 21),
(763, 22, 687, '2008-03-16', 'Acquisizione', 4808, 2),
(764, 318, 687, '2008-03-16', 'Vendita', 5769.6, 33),
(765, 50, 380, '2005-06-16', 'Acquisizione', 6656, 49),
(766, 1, 390, '2003-11-29', 'Acquisizione', 18112, 2),
(767, 359, 390, '2003-11-29', 'Vendita', 21734.4, 3),
(768, 49, 803, '2012-09-26', 'Acquisizione', 10770, 35),
(769, 13, 454, '2011-05-08', 'Acquisizione', 33867, 4),
(770, 426, 454, '2011-05-08', 'Vendita', 40640.4, 31),
(771, 5, 267, '2012-10-22', 'Acquisizione', 35129, 11),
(772, 42, 227, '2013-10-29', 'Acquisizione', 34838, 3),
(773, 911, 227, '2013-10-29', 'Vendita', 41805.6, 15),
(774, 27, 604, '2012-01-11', 'Acquisizione', 37801, 26),
(775, 27, 670, '2012-08-23', 'Acquisizione', 17668, 44),
(776, 289, 670, '2012-08-23', 'Vendita', 21201.6, 33),
(777, 18, 925, '2001-05-12', 'Acquisizione', 13333, 23),
(778, 16, 767, '2010-01-24', 'Acquisizione', 3315, 46),
(779, 14, 838, '2013-01-15', 'Acquisizione', 16470, 48),
(780, 21, 823, '2005-01-11', 'Acquisizione', 15737, 30),
(781, 15, 465, '2012-12-02', 'Acquisizione', 8734, 1),
(782, 557, 465, '2012-12-02', 'Vendita', 10480.8, 17),
(783, 10, 296, '2009-11-02', 'Acquisizione', 6346, 21),
(784, 587, 296, '2009-11-02', 'Vendita', 7615.2, 32),
(785, 39, 890, '2003-01-15', 'Acquisizione', 29260, 17),
(786, 431, 890, '2003-01-15', 'Vendita', 35112.0, 18),
(787, 8, 520, '2002-08-12', 'Acquisizione', 22430, 36),
(788, 492, 520, '2002-08-12', 'Vendita', 26916.0, 45),
(789, 40, 435, '2013-06-06', 'Acquisizione', 5358, 38),
(790, 16, 913, '2008-12-31', 'Acquisizione', 3827, 40),
(791, 863, 913, '2008-12-31', 'Vendita', 4592.4, 38),
(792, 31, 547, '2011-06-14', 'Acquisizione', 29557, 45),
(793, 683, 547, '2011-06-14', 'Vendita', 35468.4, 46),
(794, 36, 502, '2010-03-26', 'Acquisizione', 38107, 46),
(795, 8, 357, '2008-02-09', 'Acquisizione', 9580, 33),
(796, 813, 357, '2008-02-09', 'Vendita', 11496.0, 12),
(797, 8, 3, '2005-11-22', 'Acquisizione', 20980, 24),
(798, 876, 3, '2005-11-22', 'Vendita', 25176.0, 1),
(799, 11, 277, '2001-11-15', 'Acquisizione', 29418, 43),
(800, 745, 277, '2001-11-15', 'Vendita', 35301.6, 33),
(801, 25, 456, '2002-11-22', 'Acquisizione', 30608, 6),
(802, 977, 456, '2002-11-22', 'Vendita', 36729.6, 17),
(803, 24, 209, '2010-06-06', 'Acquisizione', 20253, 50),
(804, 918, 209, '2010-06-06', 'Vendita', 24303.6, 48),
(805, 14, 506, '2006-03-23', 'Acquisizione', 32008, 15),
(806, 565, 506, '2006-03-23', 'Vendita', 38409.6, 46),
(807, 30, 627, '2008-09-24', 'Acquisizione', 31372, 35),
(808, 12, 571, '2009-06-22', 'Acquisizione', 11710, 21),
(809, 31, 238, '2006-11-30', 'Acquisizione', 32134, 8),
(810, 219, 238, '2006-11-30', 'Vendita', 38560.8, 11),
(811, 10, 946, '2002-03-27', 'Acquisizione', 21302, 23),
(812, 47, 489, '2004-02-12', 'Acquisizione', 28827, 41),
(813, 43, 756, '2008-04-18', 'Acquisizione', 33841, 42),
(814, 24, 355, '2012-08-03', 'Acquisizione', 11795, 45),
(815, 66, 355, '2012-08-03', 'Vendita', 14154.0, 7),
(816, 7, 641, '2011-12-05', 'Acquisizione', 10728, 47),
(817, 939, 641, '2011-12-05', 'Vendita', 12873.6, 24),
(818, 16, 82, '2008-09-26', 'Acquisizione', 10280, 13),
(819, 44, 89, '2003-01-22', 'Acquisizione', 12641, 25),
(820, 20, 581, '2006-08-28', 'Acquisizione', 37776, 28),
(821, 22, 187, '2013-12-29', 'Acquisizione', 27525, 35),
(822, 26, 47, '2001-09-09', 'Acquisizione', 34205, 39),
(823, 20, 879, '2007-12-06', 'Acquisizione', 3956, 34),
(824, 387, 879, '2007-12-06', 'Vendita', 4747.2, 50),
(825, 42, 511, '2004-09-06', 'Acquisizione', 29171, 21),
(826, 528, 511, '2004-09-06', 'Vendita', 35005.2, 7),
(827, 8, 651, '2001-12-12', 'Acquisizione', 13680, 17),
(828, 77, 651, '2001-12-12', 'Vendita', 16416.0, 2),
(829, 34, 575, '2001-10-08', 'Acquisizione', 15908, 35),
(830, 46, 209, '2008-04-30', 'Acquisizione', 32835, 29),
(831, 45, 744, '2014-01-01', 'Acquisizione', 13348, 16),
(832, 44, 599, '2004-10-20', 'Acquisizione', 18407, 30),
(833, 658, 599, '2004-10-20', 'Vendita', 22088.4, 18),
(834, 47, 268, '2002-08-11', 'Acquisizione', 22128, 5),
(835, 41, 958, '2006-08-20', 'Acquisizione', 35476, 36),
(836, 184, 958, '2006-08-20', 'Vendita', 42571.2, 34),
(837, 38, 137, '2012-04-01', 'Acquisizione', 35139, 26),
(838, 867, 137, '2012-04-01', 'Vendita', 42166.8, 45),
(839, 3, 515, '2006-06-02', 'Acquisizione', 4841, 16),
(840, 404, 515, '2006-06-02', 'Vendita', 5809.2, 20),
(841, 5, 552, '2013-12-12', 'Acquisizione', 2277, 30),
(842, 2, 323, '2010-05-08', 'Acquisizione', 22513, 19),
(843, 625, 323, '2010-05-08', 'Vendita', 27015.6, 27),
(844, 1, 633, '2002-06-13', 'Acquisizione', 23234, 35),
(845, 773, 633, '2002-06-13', 'Vendita', 27880.8, 31),
(846, 41, 912, '2008-04-27', 'Acquisizione', 23415, 24),
(847, 34, 381, '2007-02-08', 'Acquisizione', 8683, 45),
(848, 5, 974, '2013-05-14', 'Acquisizione', 2606, 36),
(849, 30, 390, '2003-04-18', 'Acquisizione', 17703, 28),
(850, 23, 43, '2002-04-03', 'Acquisizione', 26582, 31),
(851, 19, 559, '2002-02-23', 'Acquisizione', 35695, 27),
(852, 37, 436, '2006-12-05', 'Acquisizione', 24687, 9),
(853, 571, 436, '2006-12-05', 'Vendita', 29624.4, 28),
(854, 26, 940, '2010-06-04', 'Acquisizione', 25831, 11),
(855, 50, 559, '2007-02-15', 'Acquisizione', 25232, 26),
(856, 5, 142, '2014-07-02', 'Acquisizione', 7742, 19),
(857, 31, 142, '2011-11-14', 'Acquisizione', 24693, 20),
(858, 2, 296, '2004-03-12', 'Acquisizione', 19274, 18),
(859, 10, 950, '2013-05-26', 'Acquisizione', 15703, 30),
(860, 36, 343, '2005-12-20', 'Acquisizione', 2073, 26),
(861, 32, 211, '2010-06-06', 'Acquisizione', 31486, 32),
(862, 46, 864, '2002-09-07', 'Acquisizione', 12735, 48),
(863, 36, 26, '2005-11-01', 'Acquisizione', 5443, 36),
(864, 5, 205, '2006-01-21', 'Acquisizione', 13077, 27),
(865, 732, 205, '2006-01-21', 'Vendita', 15692.4, 2),
(866, 1, 356, '2011-05-16', 'Acquisizione', 2972, 6),
(867, 22, 534, '2001-12-23', 'Acquisizione', 25468, 7),
(868, 800, 534, '2001-12-23', 'Vendita', 30561.6, 20),
(869, 8, 277, '2008-09-29', 'Acquisizione', 23258, 2),
(870, 138, 277, '2008-09-29', 'Vendita', 27909.6, 4),
(871, 29, 485, '2008-08-08', 'Acquisizione', 35551, 37),
(872, 50, 886, '2003-04-07', 'Acquisizione', 5339, 15),
(873, 191, 886, '2003-04-07', 'Vendita', 6406.8, 27),
(874, 4, 438, '2014-07-08', 'Acquisizione', 4362, 38),
(875, 492, 438, '2014-07-08', 'Vendita', 5234.4, 28),
(876, 12, 59, '2010-04-20', 'Acquisizione', 20172, 6),
(877, 963, 59, '2010-04-20', 'Vendita', 24206.4, 21),
(878, 36, 182, '2011-05-23', 'Acquisizione', 8687, 35),
(879, 679, 182, '2011-05-23', 'Vendita', 10424.4, 6),
(880, 25, 934, '2008-12-10', 'Acquisizione', 6587, 23),
(881, 732, 934, '2008-12-10', 'Vendita', 7904.4, 16),
(882, 19, 907, '2006-09-19', 'Acquisizione', 19351, 41),
(883, 465, 907, '2006-09-19', 'Vendita', 23221.2, 37),
(884, 31, 665, '2011-12-31', 'Acquisizione', 18424, 29),
(885, 24, 489, '2005-05-29', 'Acquisizione', 10139, 33),
(886, 46, 656, '2008-02-14', 'Acquisizione', 30527, 3),
(887, 801, 656, '2008-02-14', 'Vendita', 36632.4, 13),
(888, 12, 759, '2006-02-25', 'Acquisizione', 7057, 19),
(889, 25, 68, '2009-02-02', 'Acquisizione', 18278, 14),
(890, 839, 68, '2009-02-02', 'Vendita', 21933.6, 36),
(891, 30, 990, '2008-12-18', 'Acquisizione', 26304, 18),
(892, 37, 164, '2004-05-06', 'Acquisizione', 22688, 42),
(893, 40, 830, '2006-09-25', 'Acquisizione', 13002, 40),
(894, 802, 830, '2006-09-25', 'Vendita', 15602.4, 25),
(895, 12, 846, '2013-06-29', 'Acquisizione', 10956, 12),
(896, 124, 846, '2013-06-29', 'Vendita', 13147.2, 24),
(897, 8, 204, '2007-02-07', 'Acquisizione', 35111, 28),
(898, 12, 421, '2010-09-05', 'Acquisizione', 7167, 32),
(899, 987, 421, '2010-09-05', 'Vendita', 8600.4, 7),
(900, 6, 854, '2002-09-06', 'Acquisizione', 13064, 25),
(901, 48, 854, '2002-09-06', 'Vendita', 15676.8, 45),
(902, 12, 997, '2014-09-06', 'Acquisizione', 7070, 39),
(903, 791, 997, '2014-09-06', 'Vendita', 8484.0, 14),
(904, 31, 194, '2008-02-24', 'Acquisizione', 16995, 20),
(905, 229, 194, '2008-02-24', 'Vendita', 20394.0, 26),
(906, 45, 844, '2008-10-23', 'Acquisizione', 28703, 4),
(907, 592, 844, '2008-10-23', 'Vendita', 34443.6, 41),
(908, 39, 893, '2013-08-26', 'Acquisizione', 23506, 4),
(909, 111, 893, '2013-08-26', 'Vendita', 28207.2, 49),
(910, 48, 343, '2010-05-31', 'Acquisizione', 37705, 19),
(911, 924, 343, '2010-05-31', 'Vendita', 45246.0, 14),
(912, 13, 655, '2011-08-31', 'Acquisizione', 10002, 17),
(913, 245, 655, '2011-08-31', 'Vendita', 12002.4, 39),
(914, 9, 974, '2006-02-15', 'Acquisizione', 10026, 5),
(915, 40, 32, '2005-11-15', 'Acquisizione', 22848, 48),
(916, 850, 32, '2005-11-15', 'Vendita', 27417.6, 26),
(917, 27, 595, '2013-01-22', 'Acquisizione', 29893, 31),
(918, 561, 595, '2013-01-22', 'Vendita', 35871.6, 15),
(919, 34, 755, '2007-10-07', 'Acquisizione', 4676, 46),
(920, 292, 755, '2007-10-07', 'Vendita', 5611.2, 3),
(921, 6, 709, '2010-11-18', 'Acquisizione', 24275, 48),
(922, 173, 709, '2010-11-18', 'Vendita', 29130.0, 35),
(923, 20, 725, '2012-03-15', 'Acquisizione', 5594, 24),
(924, 589, 725, '2012-03-15', 'Vendita', 6712.8, 23),
(925, 7, 815, '2013-04-26', 'Acquisizione', 25385, 1),
(926, 774, 815, '2013-04-26', 'Vendita', 30462.0, 36),
(927, 18, 528, '2009-08-05', 'Acquisizione', 15415, 29),
(928, 264, 528, '2009-08-05', 'Vendita', 18498.0, 37),
(929, 49, 997, '2013-07-14', 'Acquisizione', 11421, 25),
(930, 13, 466, '2011-11-01', 'Acquisizione', 36008, 39),
(931, 24, 423, '2004-02-01', 'Acquisizione', 28042, 5),
(932, 38, 773, '2005-11-18', 'Acquisizione', 21421, 47),
(933, 700, 773, '2005-11-18', 'Vendita', 25705.2, 5),
(934, 21, 916, '2014-02-15', 'Acquisizione', 8425, 18),
(935, 893, 916, '2014-02-15', 'Vendita', 10110.0, 9),
(936, 26, 360, '2008-02-09', 'Acquisizione', 15937, 6),
(937, 176, 360, '2008-02-09', 'Vendita', 19124.4, 9),
(938, 1, 82, '2009-02-27', 'Acquisizione', 22073, 7),
(939, 782, 82, '2009-02-27', 'Vendita', 26487.6, 41),
(940, 26, 293, '2008-09-27', 'Acquisizione', 7484, 7),
(941, 179, 293, '2008-09-27', 'Vendita', 8980.8, 23),
(942, 50, 614, '2013-11-09', 'Acquisizione', 10126, 19),
(943, 9, 602, '2012-03-24', 'Acquisizione', 19331, 25),
(944, 1, 79, '2014-08-29', 'Acquisizione', 22749, 17),
(945, 31, 360, '2003-12-30', 'Acquisizione', 24504, 9),
(946, 10, 883, '2002-11-06', 'Acquisizione', 3419, 21),
(947, 34, 368, '2009-09-24', 'Acquisizione', 11141, 48),
(948, 15, 874, '2010-06-26', 'Acquisizione', 19892, 18),
(949, 44, 886, '2009-06-21', 'Acquisizione', 38979, 45),
(950, 747, 886, '2009-06-21', 'Vendita', 46774.8, 47),
(951, 25, 52, '2010-02-25', 'Acquisizione', 22403, 34),
(952, 392, 52, '2010-02-25', 'Vendita', 26883.6, 5),
(953, 23, 517, '2003-06-11', 'Acquisizione', 6825, 9),
(954, 571, 517, '2003-06-11', 'Vendita', 8190.0, 37),
(955, 31, 444, '2013-02-28', 'Acquisizione', 31120, 30),
(956, 20, 630, '2008-04-12', 'Acquisizione', 23821, 5),
(957, 684, 630, '2008-04-12', 'Vendita', 28585.2, 47),
(958, 37, 68, '2010-10-24', 'Acquisizione', 26413, 33),
(959, 817, 68, '2010-10-24', 'Vendita', 31695.6, 2),
(960, 40, 313, '2003-01-26', 'Acquisizione', 22523, 25),
(961, 137, 313, '2003-01-26', 'Vendita', 27027.6, 44),
(962, 46, 592, '2010-12-10', 'Acquisizione', 27820, 16),
(963, 556, 592, '2010-12-10', 'Vendita', 33384.0, 8),
(964, 31, 184, '2002-11-15', 'Acquisizione', 14237, 14),
(965, 487, 184, '2002-11-15', 'Vendita', 17084.4, 26),
(966, 32, 386, '2003-08-22', 'Acquisizione', 24452, 22),
(967, 717, 386, '2003-08-22', 'Vendita', 29342.4, 47),
(968, 34, 380, '2003-04-23', 'Acquisizione', 21827, 25),
(969, 306, 380, '2003-04-23', 'Vendita', 26192.4, 10),
(970, 16, 448, '2013-01-11', 'Acquisizione', 37512, 45),
(971, 35, 12, '2010-11-15', 'Acquisizione', 24143, 36),
(972, 39, 768, '2013-05-20', 'Acquisizione', 33834, 31),
(973, 5, 662, '2013-06-11', 'Acquisizione', 11960, 44),
(974, 336, 662, '2013-06-11', 'Vendita', 14352.0, 18),
(975, 6, 367, '2004-05-16', 'Acquisizione', 3253, 30),
(976, 579, 367, '2004-05-16', 'Vendita', 3903.6, 39),
(977, 3, 70, '2004-03-13', 'Acquisizione', 33238, 19),
(978, 137, 70, '2004-03-13', 'Vendita', 39885.6, 20),
(979, 40, 909, '2014-01-17', 'Acquisizione', 20157, 41),
(980, 18, 576, '2001-07-12', 'Acquisizione', 27446, 20),
(981, 887, 576, '2001-07-12', 'Vendita', 32935.2, 17),
(982, 37, 592, '2004-05-29', 'Acquisizione', 15276, 34),
(983, 449, 592, '2004-05-29', 'Vendita', 18331.2, 9),
(984, 42, 395, '2008-05-21', 'Acquisizione', 11702, 28),
(985, 31, 36, '2002-04-16', 'Acquisizione', 10776, 32),
(986, 26, 943, '2013-07-15', 'Acquisizione', 32814, 18),
(987, 355, 943, '2013-07-15', 'Vendita', 39376.8, 34),
(988, 2, 503, '2011-02-27', 'Acquisizione', 8516, 1),
(989, 24, 331, '2007-12-25', 'Acquisizione', 15462, 32),
(990, 42, 52, '2003-03-27', 'Acquisizione', 27694, 41),
(991, 44, 69, '2013-03-09', 'Acquisizione', 14521, 18),
(992, 181, 69, '2013-03-09', 'Vendita', 17425.2, 44),
(993, 8, 60, '2012-06-29', 'Acquisizione', 23606, 26),
(994, 978, 60, '2012-06-29', 'Vendita', 28327.2, 10),
(995, 2, 30, '2009-12-06', 'Acquisizione', 22802, 49),
(996, 2, 322, '2012-06-01', 'Acquisizione', 7159, 23),
(997, 709, 322, '2012-06-01', 'Vendita', 8590.8, 23),
(998, 2, 259, '2006-05-17', 'Acquisizione', 2847, 1),
(999, 29, 125, '2013-12-01', 'Acquisizione', 21943, 13),
(1000, 31, 396, '2001-06-26', 'Acquisizione', 8330, 24),
(1001, 551, 396, '2001-06-26', 'Vendita', 9996.0, 4),
(1002, 18, 569, '2008-12-27', 'Acquisizione', 15287, 35),
(1003, 587, 569, '2008-12-27', 'Vendita', 18344.4, 9),
(1004, 49, 908, '2008-08-03', 'Acquisizione', 34368, 42),
(1005, 42, 911, '2005-05-26', 'Acquisizione', 6864, 17),
(1006, 51, 911, '2005-05-26', 'Vendita', 8236.8, 43),
(1007, 26, 624, '2008-07-11', 'Acquisizione', 5953, 28),
(1008, 905, 624, '2008-07-11', 'Vendita', 7143.6, 48),
(1009, 12, 49, '2008-03-29', 'Acquisizione', 39024, 3),
(1010, 646, 49, '2008-03-29', 'Vendita', 46828.8, 40),
(1011, 16, 712, '2004-10-28', 'Acquisizione', 30533, 49),
(1012, 14, 127, '2007-12-02', 'Acquisizione', 32737, 12),
(1013, 917, 127, '2007-12-02', 'Vendita', 39284.4, 25),
(1014, 7, 786, '2001-09-11', 'Acquisizione', 18702, 10),
(1015, 657, 786, '2001-09-11', 'Vendita', 22442.4, 8),
(1016, 9, 910, '2008-05-28', 'Acquisizione', 18669, 21),
(1017, 27, 736, '2013-10-04', 'Acquisizione', 31634, 30),
(1018, 860, 736, '2013-10-04', 'Vendita', 37960.8, 23),
(1019, 32, 687, '2012-12-03', 'Acquisizione', 22416, 31),
(1020, 14, 393, '2001-03-13', 'Acquisizione', 11370, 44),
(1021, 34, 742, '2002-07-12', 'Acquisizione', 34162, 33),
(1022, 717, 742, '2002-07-12', 'Vendita', 40994.4, 1),
(1023, 17, 155, '2002-05-09', 'Acquisizione', 10768, 14),
(1024, 36, 299, '2012-02-11', 'Acquisizione', 5213, 42),
(1025, 815, 299, '2012-02-11', 'Vendita', 6255.6, 45),
(1026, 42, 538, '2013-05-03', 'Acquisizione', 13582, 17),
(1027, 23, 522, '2009-09-14', 'Acquisizione', 24972, 28),
(1028, 31, 686, '2001-05-28', 'Acquisizione', 8470, 7),
(1029, 249, 686, '2001-05-28', 'Vendita', 10164.0, 1),
(1030, 22, 623, '2005-02-02', 'Acquisizione', 3193, 1),
(1031, 39, 820, '2005-09-19', 'Acquisizione', 28881, 15),
(1032, 221, 820, '2005-09-19', 'Vendita', 34657.2, 19),
(1033, 34, 676, '2001-06-02', 'Acquisizione', 20140, 4),
(1034, 149, 676, '2001-06-02', 'Vendita', 24168.0, 45),
(1035, 2, 811, '2009-05-25', 'Acquisizione', 29867, 25),
(1036, 17, 147, '2005-07-19', 'Acquisizione', 15006, 42),
(1037, 840, 147, '2005-07-19', 'Vendita', 18007.2, 24),
(1038, 34, 398, '2003-03-18', 'Acquisizione', 32728, 49),
(1039, 796, 398, '2003-03-18', 'Vendita', 39273.6, 32),
(1040, 23, 271, '2006-06-02', 'Acquisizione', 8491, 45),
(1041, 550, 271, '2006-06-02', 'Vendita', 10189.2, 26),
(1042, 47, 458, '2009-01-24', 'Acquisizione', 35538, 50),
(1043, 24, 737, '2011-05-14', 'Acquisizione', 2605, 41),
(1044, 27, 44, '2001-07-09', 'Acquisizione', 25246, 15),
(1045, 29, 114, '2008-06-12', 'Acquisizione', 37312, 4),
(1046, 683, 114, '2008-06-12', 'Vendita', 44774.4, 11),
(1047, 6, 633, '2009-01-30', 'Acquisizione', 31437, 7),
(1048, 151, 633, '2009-01-30', 'Vendita', 37724.4, 18),
(1049, 10, 306, '2009-08-04', 'Acquisizione', 18691, 2),
(1050, 19, 417, '2011-05-08', 'Acquisizione', 4249, 11),
(1051, 38, 262, '2007-09-12', 'Acquisizione', 15665, 19),
(1052, 466, 262, '2007-09-12', 'Vendita', 18798.0, 45),
(1053, 3, 534, '2002-07-15', 'Acquisizione', 5157, 20),
(1054, 131, 534, '2002-07-15', 'Vendita', 6188.4, 28),
(1055, 21, 25, '2010-02-21', 'Acquisizione', 6545, 10),
(1056, 45, 3, '2002-05-09', 'Acquisizione', 16810, 9),
(1057, 273, 3, '2002-05-09', 'Vendita', 20172.0, 3),
(1058, 12, 417, '2003-09-21', 'Acquisizione', 19068, 8),
(1059, 29, 924, '2011-05-16', 'Acquisizione', 15407, 12),
(1060, 984, 924, '2011-05-16', 'Vendita', 18488.4, 15),
(1061, 45, 675, '2009-09-01', 'Acquisizione', 5905, 5),
(1062, 10, 126, '2010-01-28', 'Acquisizione', 20028, 45),
(1063, 102, 126, '2010-01-28', 'Vendita', 24033.6, 15),
(1064, 18, 709, '2003-12-08', 'Acquisizione', 26496, 25),
(1065, 943, 709, '2003-12-08', 'Vendita', 31795.2, 16),
(1066, 6, 702, '2013-04-14', 'Acquisizione', 19586, 5),
(1067, 809, 702, '2013-04-14', 'Vendita', 23503.2, 9),
(1068, 29, 133, '2010-10-20', 'Acquisizione', 37833, 43),
(1069, 36, 667, '2001-06-15', 'Acquisizione', 7654, 7),
(1070, 38, 42, '2011-05-19', 'Acquisizione', 11848, 19),
(1071, 369, 42, '2011-05-19', 'Vendita', 14217.6, 17),
(1072, 37, 679, '2001-05-28', 'Acquisizione', 32576, 12),
(1073, 826, 679, '2001-05-28', 'Vendita', 39091.2, 34),
(1074, 16, 555, '2013-06-16', 'Acquisizione', 37516, 41),
(1075, 32, 46, '2007-11-25', 'Acquisizione', 24875, 7),
(1076, 22, 67, '2013-04-03', 'Acquisizione', 30106, 40),
(1077, 698, 67, '2013-04-03', 'Vendita', 36127.2, 1),
(1078, 5, 833, '2008-11-24', 'Acquisizione', 16045, 41),
(1079, 8, 178, '2006-11-15', 'Acquisizione', 12289, 28),
(1080, 37, 484, '2004-10-18', 'Acquisizione', 32927, 3),
(1081, 41, 744, '2012-06-29', 'Acquisizione', 17556, 38),
(1082, 34, 958, '2008-01-22', 'Acquisizione', 26411, 39),
(1083, 56, 958, '2008-01-22', 'Vendita', 31693.2, 38),
(1084, 25, 768, '2005-04-15', 'Acquisizione', 22669, 11),
(1085, 33, 845, '2012-12-01', 'Acquisizione', 10591, 10),
(1086, 36, 857, '2005-11-04', 'Acquisizione', 2556, 20),
(1087, 11, 897, '2005-11-29', 'Acquisizione', 35476, 35),
(1088, 421, 897, '2005-11-29', 'Vendita', 42571.2, 48),
(1089, 44, 90, '2001-10-26', 'Acquisizione', 39316, 26),
(1090, 14, 580, '2011-04-14', 'Acquisizione', 3497, 11),
(1091, 35, 44, '2007-03-03', 'Acquisizione', 21649, 45),
(1092, 41, 939, '2013-07-06', 'Acquisizione', 14717, 27),
(1093, 598, 939, '2013-07-06', 'Vendita', 17660.4, 11),
(1094, 18, 677, '2009-05-31', 'Acquisizione', 22618, 31),
(1095, 840, 677, '2009-05-31', 'Vendita', 27141.6, 9),
(1096, 29, 851, '2010-10-22', 'Acquisizione', 25873, 17),
(1097, 301, 851, '2010-10-22', 'Vendita', 31047.6, 7),
(1098, 41, 537, '2009-10-07', 'Acquisizione', 36445, 30),
(1099, 13, 203, '2002-11-25', 'Acquisizione', 9498, 41),
(1100, 7, 321, '2001-05-27', 'Acquisizione', 35887, 41),
(1101, 22, 846, '2013-04-02', 'Acquisizione', 11329, 26),
(1102, 937, 846, '2013-04-02', 'Vendita', 13594.8, 6),
(1103, 14, 2, '2010-02-21', 'Acquisizione', 18041, 10),
(1104, 33, 511, '2001-04-28', 'Acquisizione', 2375, 45),
(1105, 10, 281, '2011-06-10', 'Acquisizione', 7178, 27),
(1106, 596, 281, '2011-06-10', 'Vendita', 8613.6, 19),
(1107, 3, 604, '2013-11-22', 'Acquisizione', 2241, 22),
(1108, 341, 604, '2013-11-22', 'Vendita', 2689.2, 17),
(1109, 27, 238, '2005-12-28', 'Acquisizione', 23023, 1),
(1110, 752, 238, '2005-12-28', 'Vendita', 27627.6, 31),
(1111, 1, 198, '2009-09-25', 'Acquisizione', 29913, 18),
(1112, 690, 198, '2009-09-25', 'Vendita', 35895.6, 40),
(1113, 12, 564, '2010-04-18', 'Acquisizione', 31361, 14),
(1114, 99, 564, '2010-04-18', 'Vendita', 37633.2, 44),
(1115, 5, 799, '2004-01-27', 'Acquisizione', 22750, 7),
(1116, 478, 799, '2004-01-27', 'Vendita', 27300.0, 23),
(1117, 6, 65, '2009-09-28', 'Acquisizione', 37944, 41),
(1118, 180, 65, '2009-09-28', 'Vendita', 45532.8, 14),
(1119, 5, 196, '2010-03-11', 'Acquisizione', 27051, 9),
(1120, 449, 196, '2010-03-11', 'Vendita', 32461.2, 28),
(1121, 35, 353, '2013-02-10', 'Acquisizione', 33461, 9),
(1122, 44, 592, '2006-09-12', 'Acquisizione', 16307, 36),
(1123, 44, 713, '2013-01-04', 'Acquisizione', 7197, 22),
(1124, 22, 300, '2003-02-11', 'Acquisizione', 35377, 22),
(1125, 112, 300, '2003-02-11', 'Vendita', 42452.4, 20),
(1126, 8, 160, '2008-09-07', 'Acquisizione', 37650, 46),
(1127, 31, 160, '2008-09-07', 'Vendita', 45180.0, 20),
(1128, 13, 357, '2013-11-30', 'Acquisizione', 22917, 17),
(1129, 729, 357, '2013-11-30', 'Vendita', 27500.4, 36),
(1130, 19, 996, '2012-11-27', 'Acquisizione', 36928, 9),
(1131, 113, 996, '2012-11-27', 'Vendita', 44313.6, 1),
(1132, 25, 210, '2012-10-18', 'Acquisizione', 26062, 32),
(1133, 24, 46, '2001-08-27', 'Acquisizione', 19807, 20),
(1134, 440, 46, '2001-08-27', 'Vendita', 23768.4, 49),
(1135, 13, 887, '2004-10-28', 'Acquisizione', 36067, 1),
(1136, 42, 601, '2011-05-08', 'Acquisizione', 10198, 46),
(1137, 20, 256, '2004-06-10', 'Acquisizione', 6987, 32),
(1138, 150, 256, '2004-06-10', 'Vendita', 8384.4, 41),
(1139, 11, 237, '2004-04-12', 'Acquisizione', 22352, 35),
(1140, 472, 237, '2004-04-12', 'Vendita', 26822.4, 15),
(1141, 28, 109, '2011-06-10', 'Acquisizione', 22996, 42),
(1142, 133, 109, '2011-06-10', 'Vendita', 27595.2, 34),
(1143, 35, 546, '2005-11-24', 'Acquisizione', 6769, 31),
(1144, 443, 546, '2005-11-24', 'Vendita', 8122.8, 16),
(1145, 17, 582, '2002-07-29', 'Acquisizione', 18632, 1),
(1146, 14, 199, '2001-03-02', 'Acquisizione', 6967, 27),
(1147, 842, 199, '2001-03-02', 'Vendita', 8360.4, 9),
(1148, 8, 329, '2005-01-20', 'Acquisizione', 10742, 36),
(1149, 544, 329, '2005-01-20', 'Vendita', 12890.4, 19),
(1150, 46, 710, '2005-07-23', 'Acquisizione', 11343, 1),
(1151, 572, 710, '2005-07-23', 'Vendita', 13611.6, 46),
(1152, 45, 460, '2003-12-02', 'Acquisizione', 3332, 35),
(1153, 27, 378, '2006-02-02', 'Acquisizione', 13618, 9),
(1154, 93, 378, '2006-02-02', 'Vendita', 16341.6, 32),
(1155, 29, 103, '2002-04-01', 'Acquisizione', 13869, 29),
(1156, 34, 103, '2002-04-01', 'Vendita', 16642.8, 39),
(1157, 37, 927, '2009-08-21', 'Acquisizione', 30098, 30),
(1158, 42, 223, '2004-03-13', 'Acquisizione', 19417, 31),
(1159, 165, 223, '2004-03-13', 'Vendita', 23300.4, 44),
(1160, 31, 964, '2011-02-02', 'Acquisizione', 14752, 49),
(1161, 714, 964, '2011-02-02', 'Vendita', 17702.4, 2),
(1162, 47, 950, '2003-04-17', 'Acquisizione', 29059, 24),
(1163, 35, 115, '2002-09-02', 'Acquisizione', 8354, 18),
(1164, 830, 115, '2002-09-02', 'Vendita', 10024.8, 46),
(1165, 23, 92, '2012-04-14', 'Acquisizione', 4794, 20),
(1166, 76, 92, '2012-04-14', 'Vendita', 5752.8, 26),
(1167, 4, 576, '2012-06-14', 'Acquisizione', 12246, 21),
(1168, 34, 251, '2012-04-26', 'Acquisizione', 23614, 2),
(1169, 49, 764, '2011-01-28', 'Acquisizione', 19328, 27),
(1170, 22, 723, '2011-07-25', 'Acquisizione', 39572, 3),
(1171, 154, 723, '2011-07-25', 'Vendita', 47486.4, 21),
(1172, 48, 571, '2009-12-15', 'Acquisizione', 36195, 38),
(1173, 30, 790, '2004-03-12', 'Acquisizione', 30980, 47),
(1174, 8, 207, '2009-01-25', 'Acquisizione', 8056, 23),
(1175, 613, 207, '2009-01-25', 'Vendita', 9667.2, 19),
(1176, 50, 749, '2003-04-23', 'Acquisizione', 24087, 18),
(1177, 605, 749, '2003-04-23', 'Vendita', 28904.4, 33),
(1178, 39, 775, '2003-04-02', 'Acquisizione', 12840, 35),
(1179, 24, 544, '2004-05-23', 'Acquisizione', 38916, 48),
(1180, 225, 544, '2004-05-23', 'Vendita', 46699.2, 4),
(1181, 12, 145, '2005-08-02', 'Acquisizione', 27249, 46),
(1182, 12, 804, '2005-10-01', 'Acquisizione', 8484, 21),
(1183, 22, 668, '2010-01-07', 'Acquisizione', 36170, 27),
(1184, 758, 668, '2010-01-07', 'Vendita', 43404.0, 44),
(1185, 12, 145, '2010-09-04', 'Acquisizione', 2057, 5),
(1186, 140, 145, '2010-09-04', 'Vendita', 2468.4, 49),
(1187, 35, 808, '2004-12-21', 'Acquisizione', 18358, 43),
(1188, 42, 547, '2011-08-09', 'Acquisizione', 32825, 11),
(1189, 240, 547, '2011-08-09', 'Vendita', 39390.0, 16),
(1190, 24, 696, '2002-02-24', 'Acquisizione', 16464, 19),
(1191, 315, 696, '2002-02-24', 'Vendita', 19756.8, 8),
(1192, 46, 132, '2003-03-26', 'Acquisizione', 24339, 28),
(1193, 20, 278, '2002-07-19', 'Acquisizione', 20143, 40),
(1194, 40, 189, '2007-12-25', 'Acquisizione', 7150, 33),
(1195, 513, 189, '2007-12-25', 'Vendita', 8580.0, 33),
(1196, 25, 155, '2013-12-01', 'Acquisizione', 23141, 3),
(1197, 11, 292, '2003-04-08', 'Acquisizione', 34692, 15),
(1198, 909, 292, '2003-04-08', 'Vendita', 41630.4, 38),
(1199, 9, 702, '2006-08-16', 'Acquisizione', 6762, 14),
(1200, 373, 702, '2006-08-16', 'Vendita', 8114.4, 49),
(1201, 42, 630, '2004-03-08', 'Acquisizione', 24900, 5),
(1202, 638, 630, '2004-03-08', 'Vendita', 29880.0, 48),
(1203, 19, 647, '2003-07-17', 'Acquisizione', 26052, 29),
(1204, 36, 9, '2001-09-05', 'Acquisizione', 25812, 48),
(1205, 38, 738, '2007-07-11', 'Acquisizione', 34630, 3),
(1206, 906, 738, '2007-07-11', 'Vendita', 41556.0, 30),
(1207, 4, 853, '2008-02-13', 'Acquisizione', 32880, 7),
(1208, 5, 774, '2011-01-21', 'Acquisizione', 36699, 29),
(1209, 857, 774, '2011-01-21', 'Vendita', 44038.8, 3),
(1210, 33, 693, '2014-03-18', 'Acquisizione', 6342, 11),
(1211, 566, 693, '2014-03-18', 'Vendita', 7610.4, 23),
(1212, 50, 415, '2014-03-20', 'Acquisizione', 38126, 48),
(1213, 170, 415, '2014-03-20', 'Vendita', 45751.2, 25),
(1214, 46, 107, '2002-11-08', 'Acquisizione', 14157, 42),
(1215, 20, 265, '2003-01-14', 'Acquisizione', 33368, 20),
(1216, 38, 780, '2013-10-09', 'Acquisizione', 24959, 30),
(1217, 3, 834, '2012-10-23', 'Acquisizione', 19004, 15),
(1218, 33, 333, '2007-11-19', 'Acquisizione', 22668, 24),
(1219, 535, 333, '2007-11-19', 'Vendita', 27201.6, 19),
(1220, 8, 629, '2007-08-11', 'Acquisizione', 17941, 2),
(1221, 376, 629, '2007-08-11', 'Vendita', 21529.2, 8),
(1222, 6, 51, '2005-01-20', 'Acquisizione', 26962, 43),
(1223, 898, 51, '2005-01-20', 'Vendita', 32354.4, 17),
(1224, 22, 212, '2002-11-24', 'Acquisizione', 37234, 24),
(1225, 13, 380, '2001-10-11', 'Acquisizione', 7872, 33),
(1226, 83, 380, '2001-10-11', 'Vendita', 9446.4, 31),
(1227, 38, 143, '2003-01-09', 'Acquisizione', 4204, 2),
(1228, 951, 143, '2003-01-09', 'Vendita', 5044.8, 25),
(1229, 27, 306, '2010-06-16', 'Acquisizione', 28798, 16),
(1230, 209, 306, '2010-06-16', 'Vendita', 34557.6, 11),
(1231, 28, 775, '2009-01-12', 'Acquisizione', 18716, 11),
(1232, 50, 7, '2013-04-20', 'Acquisizione', 8167, 35),
(1233, 168, 7, '2013-04-20', 'Vendita', 9800.4, 1),
(1234, 10, 282, '2007-09-11', 'Acquisizione', 25225, 9),
(1235, 44, 282, '2007-09-11', 'Vendita', 30270.0, 14),
(1236, 18, 978, '2004-02-15', 'Acquisizione', 15504, 16),
(1237, 20, 167, '2005-12-23', 'Acquisizione', 31660, 7),
(1238, 857, 167, '2005-12-23', 'Vendita', 37992.0, 41),
(1239, 14, 270, '2001-11-14', 'Acquisizione', 34226, 48),
(1240, 18, 270, '2001-11-14', 'Vendita', 41071.2, 44),
(1241, 21, 660, '2012-07-09', 'Acquisizione', 4111, 49),
(1242, 6, 567, '2013-04-08', 'Acquisizione', 9667, 5),
(1243, 725, 567, '2013-04-08', 'Vendita', 11600.4, 5),
(1244, 49, 586, '2012-11-05', 'Acquisizione', 24628, 29),
(1245, 20, 143, '2010-09-03', 'Acquisizione', 15064, 6),
(1246, 40, 274, '2011-10-26', 'Acquisizione', 26947, 31),
(1247, 550, 274, '2011-10-26', 'Vendita', 32336.4, 44),
(1248, 22, 792, '2003-06-29', 'Acquisizione', 37490, 48),
(1249, 18, 671, '2006-05-11', 'Acquisizione', 38564, 36),
(1250, 40, 414, '2011-03-05', 'Acquisizione', 31533, 4),
(1251, 22, 478, '2009-07-04', 'Acquisizione', 10268, 21),
(1252, 858, 478, '2009-07-04', 'Vendita', 12321.6, 16),
(1253, 22, 582, '2006-08-18', 'Acquisizione', 16656, 25),
(1254, 31, 353, '2012-07-25', 'Acquisizione', 21799, 32),
(1255, 993, 353, '2012-07-25', 'Vendita', 26158.8, 6),
(1256, 21, 335, '2012-02-01', 'Acquisizione', 7902, 14),
(1257, 34, 245, '2007-05-01', 'Acquisizione', 26876, 27),
(1258, 23, 35, '2005-11-17', 'Acquisizione', 33215, 5),
(1259, 47, 251, '2005-02-21', 'Acquisizione', 3300, 7),
(1260, 2, 50, '2003-04-04', 'Acquisizione', 25883, 19),
(1261, 8, 681, '2008-10-29', 'Acquisizione', 27994, 7),
(1262, 899, 681, '2008-10-29', 'Vendita', 33592.8, 38),
(1263, 12, 638, '2004-03-12', 'Acquisizione', 27845, 14),
(1264, 6, 519, '2009-11-13', 'Acquisizione', 36451, 19),
(1265, 918, 519, '2009-11-13', 'Vendita', 43741.2, 44),
(1266, 50, 60, '2014-03-13', 'Acquisizione', 33367, 21),
(1267, 2, 60, '2014-03-13', 'Vendita', 40040.4, 46),
(1268, 13, 696, '2002-06-16', 'Acquisizione', 11752, 40),
(1269, 962, 696, '2002-06-16', 'Vendita', 14102.4, 22),
(1270, 39, 179, '2004-08-23', 'Acquisizione', 27480, 41),
(1271, 776, 179, '2004-08-23', 'Vendita', 32976.0, 15),
(1272, 15, 44, '2007-05-30', 'Acquisizione', 28827, 19),
(1273, 839, 44, '2007-05-30', 'Vendita', 34592.4, 25),
(1274, 36, 247, '2004-02-25', 'Acquisizione', 2220, 42),
(1275, 559, 247, '2004-02-25', 'Vendita', 2664.0, 8),
(1276, 49, 683, '2003-12-22', 'Acquisizione', 32449, 16),
(1277, 7, 838, '2014-07-30', 'Acquisizione', 24229, 44),
(1278, 873, 838, '2014-07-30', 'Vendita', 29074.8, 45),
(1279, 46, 367, '2004-12-22', 'Acquisizione', 13670, 50),
(1280, 953, 367, '2004-12-22', 'Vendita', 16404.0, 49),
(1281, 22, 124, '2008-11-18', 'Acquisizione', 10226, 38),
(1282, 889, 124, '2008-11-18', 'Vendita', 12271.2, 9),
(1283, 13, 3, '2002-09-06', 'Acquisizione', 28545, 5),
(1284, 33, 956, '2006-04-17', 'Acquisizione', 16852, 42),
(1285, 635, 956, '2006-04-17', 'Vendita', 20222.4, 48),
(1286, 21, 327, '2007-09-02', 'Acquisizione', 34678, 3),
(1287, 4, 142, '2002-06-26', 'Acquisizione', 20985, 45),
(1288, 725, 142, '2002-06-26', 'Vendita', 25182.0, 47),
(1289, 34, 173, '2010-11-09', 'Acquisizione', 31710, 26),
(1290, 7, 151, '2003-07-23', 'Acquisizione', 17765, 36),
(1291, 13, 393, '2001-06-29', 'Acquisizione', 34557, 47),
(1292, 667, 393, '2001-06-29', 'Vendita', 41468.4, 42),
(1293, 12, 820, '2001-06-10', 'Acquisizione', 21230, 33),
(1294, 30, 378, '2011-03-21', 'Acquisizione', 5061, 5),
(1295, 23, 485, '2013-10-22', 'Acquisizione', 32911, 27),
(1296, 29, 565, '2010-04-17', 'Acquisizione', 16639, 40),
(1297, 37, 897, '2001-06-06', 'Acquisizione', 19258, 10),
(1298, 16, 185, '2008-08-27', 'Acquisizione', 4550, 40),
(1299, 29, 633, '2009-02-08', 'Acquisizione', 12136, 18),
(1300, 40, 900, '2010-11-03', 'Acquisizione', 37935, 39),
(1301, 48, 894, '2007-07-19', 'Acquisizione', 35529, 45),
(1302, 15, 894, '2007-07-19', 'Vendita', 42634.8, 13),
(1303, 34, 200, '2007-01-13', 'Acquisizione', 30821, 21),
(1304, 48, 695, '2012-11-25', 'Acquisizione', 27054, 41),
(1305, 725, 695, '2012-11-25', 'Vendita', 32464.8, 32),
(1306, 31, 789, '2004-07-26', 'Acquisizione', 3586, 9),
(1307, 26, 903, '2003-02-18', 'Acquisizione', 37203, 46),
(1308, 50, 44, '2005-06-23', 'Acquisizione', 6632, 13),
(1309, 972, 44, '2005-06-23', 'Vendita', 7958.4, 2),
(1310, 15, 308, '2009-08-01', 'Acquisizione', 2528, 1),
(1311, 29, 308, '2009-08-01', 'Vendita', 3033.6, 49),
(1312, 27, 603, '2005-06-08', 'Acquisizione', 15795, 43),
(1313, 4, 814, '2007-06-07', 'Acquisizione', 15044, 4),
(1314, 184, 814, '2007-06-07', 'Vendita', 18052.8, 16),
(1315, 21, 59, '2001-06-21', 'Acquisizione', 7799, 6),
(1316, 23, 59, '2001-06-21', 'Vendita', 9358.8, 40),
(1317, 49, 592, '2011-07-24', 'Acquisizione', 8088, 4),
(1318, 28, 567, '2008-12-14', 'Acquisizione', 29130, 21),
(1319, 425, 567, '2008-12-14', 'Vendita', 34956.0, 11),
(1320, 27, 665, '2012-01-05', 'Acquisizione', 15547, 3),
(1321, 275, 665, '2012-01-05', 'Vendita', 18656.4, 14),
(1322, 21, 85, '2010-08-18', 'Acquisizione', 22379, 13),
(1323, 649, 85, '2010-08-18', 'Vendita', 26854.8, 39),
(1324, 7, 761, '2002-05-30', 'Acquisizione', 3686, 23),
(1325, 632, 761, '2002-05-30', 'Vendita', 4423.2, 21),
(1326, 21, 606, '2008-01-06', 'Acquisizione', 26320, 29),
(1327, 815, 606, '2008-01-06', 'Vendita', 31584.0, 24),
(1328, 24, 801, '2001-03-30', 'Acquisizione', 5423, 37),
(1329, 305, 801, '2001-03-30', 'Vendita', 6507.6, 23),
(1330, 36, 895, '2007-04-03', 'Acquisizione', 4288, 33),
(1331, 745, 895, '2007-04-03', 'Vendita', 5145.6, 27),
(1332, 47, 377, '2011-10-25', 'Acquisizione', 14023, 35),
(1333, 292, 377, '2011-10-25', 'Vendita', 16827.6, 10),
(1334, 10, 731, '2009-03-15', 'Acquisizione', 39089, 10),
(1335, 4, 652, '2013-07-26', 'Acquisizione', 24586, 10),
(1336, 913, 652, '2013-07-26', 'Vendita', 29503.2, 10),
(1337, 9, 812, '2013-05-03', 'Acquisizione', 26081, 39),
(1338, 500, 812, '2013-05-03', 'Vendita', 31297.2, 24),
(1339, 41, 340, '2003-07-11', 'Acquisizione', 12812, 33),
(1340, 30, 568, '2003-08-04', 'Acquisizione', 30802, 16),
(1341, 141, 568, '2003-08-04', 'Vendita', 36962.4, 20),
(1342, 35, 405, '2003-05-19', 'Acquisizione', 10062, 38),
(1343, 50, 971, '2012-02-17', 'Acquisizione', 39656, 35),
(1344, 17, 994, '2003-06-05', 'Acquisizione', 22162, 14),
(1345, 39, 183, '2006-05-25', 'Acquisizione', 4028, 20),
(1346, 33, 391, '2013-05-22', 'Acquisizione', 36094, 12),
(1347, 36, 939, '2005-10-20', 'Acquisizione', 22062, 27),
(1348, 60, 939, '2005-10-20', 'Vendita', 26474.4, 3),
(1349, 40, 143, '2001-03-21', 'Acquisizione', 37019, 4),
(1350, 592, 143, '2001-03-21', 'Vendita', 44422.8, 41),
(1351, 7, 914, '2008-09-16', 'Acquisizione', 17162, 47),
(1352, 21, 547, '2011-10-28', 'Acquisizione', 28751, 37),
(1353, 36, 958, '2012-04-18', 'Acquisizione', 29854, 12),
(1354, 593, 958, '2012-04-18', 'Vendita', 35824.8, 17),
(1355, 45, 180, '2010-10-17', 'Acquisizione', 36199, 10),
(1356, 23, 235, '2008-06-04', 'Acquisizione', 23501, 33),
(1357, 4, 196, '2007-04-02', 'Acquisizione', 7721, 44),
(1358, 38, 343, '2013-01-26', 'Acquisizione', 28445, 16),
(1359, 485, 343, '2013-01-26', 'Vendita', 34134.0, 3),
(1360, 44, 667, '2003-03-12', 'Acquisizione', 16233, 36),
(1361, 26, 202, '2003-07-25', 'Acquisizione', 8866, 4),
(1362, 14, 202, '2003-07-25', 'Vendita', 10639.2, 49),
(1363, 13, 644, '2007-01-11', 'Acquisizione', 37541, 5),
(1364, 39, 193, '2004-06-02', 'Acquisizione', 28505, 8),
(1365, 649, 193, '2004-06-02', 'Vendita', 34206.0, 22),
(1366, 34, 670, '2005-08-11', 'Acquisizione', 27974, 25),
(1367, 311, 670, '2005-08-11', 'Vendita', 33568.8, 16),
(1368, 39, 266, '2001-09-10', 'Acquisizione', 29935, 36),
(1369, 8, 177, '2011-08-19', 'Acquisizione', 24272, 5),
(1370, 488, 177, '2011-08-19', 'Vendita', 29126.4, 42),
(1371, 16, 170, '2005-05-26', 'Acquisizione', 7687, 37),
(1372, 175, 170, '2005-05-26', 'Vendita', 9224.4, 47),
(1373, 48, 151, '2012-10-06', 'Acquisizione', 11075, 24),
(1374, 44, 787, '2012-03-11', 'Acquisizione', 8825, 36),
(1375, 625, 787, '2012-03-11', 'Vendita', 10590.0, 1),
(1376, 29, 14, '2014-04-04', 'Acquisizione', 31021, 12),
(1377, 28, 332, '2007-11-12', 'Acquisizione', 2256, 2),
(1378, 40, 429, '2010-09-08', 'Acquisizione', 39854, 28),
(1379, 419, 429, '2010-09-08', 'Vendita', 47824.8, 14),
(1380, 34, 335, '2008-02-11', 'Acquisizione', 31779, 17),
(1381, 19, 299, '2006-05-07', 'Acquisizione', 9893, 13),
(1382, 23, 160, '2011-02-18', 'Acquisizione', 9500, 31),
(1383, 24, 629, '2008-04-07', 'Acquisizione', 38354, 30),
(1384, 316, 629, '2008-04-07', 'Vendita', 46024.8, 27),
(1385, 18, 277, '2014-03-15', 'Acquisizione', 4205, 44),
(1386, 26, 402, '2006-08-13', 'Acquisizione', 9907, 9),
(1387, 31, 870, '2007-06-27', 'Acquisizione', 15033, 8),
(1388, 348, 870, '2007-06-27', 'Vendita', 18039.6, 39),
(1389, 39, 736, '2001-07-08', 'Acquisizione', 6938, 14),
(1390, 257, 736, '2001-07-08', 'Vendita', 8325.6, 21),
(1391, 8, 800, '2003-06-07', 'Acquisizione', 25075, 7),
(1392, 59, 800, '2003-06-07', 'Vendita', 30090.0, 20),
(1393, 27, 657, '2008-03-25', 'Acquisizione', 34143, 41),
(1394, 325, 657, '2008-03-25', 'Vendita', 40971.6, 50),
(1395, 3, 242, '2004-09-25', 'Acquisizione', 5500, 48),
(1396, 689, 242, '2004-09-25', 'Vendita', 6600.0, 18),
(1397, 19, 761, '2009-06-19', 'Acquisizione', 28590, 5),
(1398, 839, 761, '2009-06-19', 'Vendita', 34308.0, 16),
(1399, 14, 916, '2004-09-08', 'Acquisizione', 12682, 46),
(1400, 505, 916, '2004-09-08', 'Vendita', 15218.4, 28),
(1401, 30, 500, '2001-02-13', 'Acquisizione', 34410, 33),
(1402, 28, 596, '2007-04-03', 'Acquisizione', 11063, 34),
(1403, 579, 596, '2007-04-03', 'Vendita', 13275.6, 31),
(1404, 27, 784, '2006-01-17', 'Acquisizione', 11046, 19),
(1405, 437, 784, '2006-01-17', 'Vendita', 13255.2, 10),
(1406, 12, 246, '2014-06-19', 'Acquisizione', 10004, 31),
(1407, 27, 748, '2007-03-22', 'Acquisizione', 30793, 42),
(1408, 25, 362, '2003-02-16', 'Acquisizione', 27616, 11),
(1409, 50, 220, '2003-11-28', 'Acquisizione', 3278, 22),
(1410, 295, 220, '2003-11-28', 'Vendita', 3933.6, 8),
(1411, 2, 608, '2009-06-21', 'Acquisizione', 10722, 11),
(1412, 50, 870, '2013-03-13', 'Acquisizione', 16630, 1),
(1413, 35, 792, '2008-10-25', 'Acquisizione', 38378, 9),
(1414, 330, 792, '2008-10-25', 'Vendita', 46053.6, 42),
(1415, 17, 937, '2007-09-19', 'Acquisizione', 31003, 1),
(1416, 157, 937, '2007-09-19', 'Vendita', 37203.6, 26),
(1417, 14, 950, '2005-02-26', 'Acquisizione', 3421, 41),
(1418, 36, 100, '2010-09-23', 'Acquisizione', 3887, 1),
(1419, 618, 100, '2010-09-23', 'Vendita', 4664.4, 32),
(1420, 18, 252, '2007-03-05', 'Acquisizione', 13153, 16),
(1421, 22, 852, '2001-04-01', 'Acquisizione', 5144, 48),
(1422, 43, 521, '2010-01-10', 'Acquisizione', 29841, 9),
(1423, 3, 272, '2002-03-05', 'Acquisizione', 33237, 6),
(1424, 39, 601, '2005-02-06', 'Acquisizione', 14534, 23),
(1425, 20, 134, '2005-01-09', 'Acquisizione', 13401, 29),
(1426, 718, 134, '2005-01-09', 'Vendita', 16081.2, 16),
(1427, 22, 809, '2002-07-05', 'Acquisizione', 25878, 50),
(1428, 191, 809, '2002-07-05', 'Vendita', 31053.6, 24),
(1429, 12, 540, '2010-01-18', 'Acquisizione', 29282, 50),
(1430, 21, 242, '2013-08-15', 'Acquisizione', 34840, 18),
(1431, 24, 903, '2005-01-19', 'Acquisizione', 23104, 25),
(1432, 966, 903, '2005-01-19', 'Vendita', 27724.8, 25),
(1433, 37, 465, '2010-12-23', 'Acquisizione', 37201, 15),
(1434, 49, 62, '2012-01-08', 'Acquisizione', 25469, 2),
(1435, 194, 62, '2012-01-08', 'Vendita', 30562.8, 30),
(1436, 27, 211, '2008-03-08', 'Acquisizione', 3766, 32),
(1437, 857, 211, '2008-03-08', 'Vendita', 4519.2, 6),
(1438, 40, 793, '2008-04-02', 'Acquisizione', 6283, 4),
(1439, 520, 793, '2008-04-02', 'Vendita', 7539.6, 27),
(1440, 7, 713, '2004-02-25', 'Acquisizione', 20057, 32),
(1441, 41, 551, '2007-01-28', 'Acquisizione', 37586, 14),
(1442, 201, 551, '2007-01-28', 'Vendita', 45103.2, 18),
(1443, 10, 166, '2010-05-06', 'Acquisizione', 28324, 39),
(1444, 546, 166, '2010-05-06', 'Vendita', 33988.8, 42),
(1445, 24, 964, '2001-07-10', 'Acquisizione', 5216, 44),
(1446, 42, 809, '2005-01-08', 'Acquisizione', 25081, 9),
(1447, 7, 965, '2005-02-27', 'Acquisizione', 17780, 18),
(1448, 46, 806, '2006-06-01', 'Acquisizione', 23953, 32),
(1449, 547, 806, '2006-06-01', 'Vendita', 28743.6, 32),
(1450, 11, 388, '2011-12-25', 'Acquisizione', 26696, 21),
(1451, 21, 573, '2004-01-20', 'Acquisizione', 31740, 30),
(1452, 267, 573, '2004-01-20', 'Vendita', 38088.0, 8),
(1453, 2, 202, '2005-08-31', 'Acquisizione', 20788, 22),
(1454, 49, 25, '2002-08-12', 'Acquisizione', 11669, 44),
(1455, 36, 876, '2002-01-11', 'Acquisizione', 20477, 7),
(1456, 254, 876, '2002-01-11', 'Vendita', 24572.4, 15),
(1457, 1, 256, '2002-01-19', 'Acquisizione', 14314, 42),
(1458, 738, 256, '2002-01-19', 'Vendita', 17176.8, 35),
(1459, 3, 981, '2009-04-16', 'Acquisizione', 25129, 17),
(1460, 506, 981, '2009-04-16', 'Vendita', 30154.8, 50),
(1461, 18, 388, '2003-04-03', 'Acquisizione', 25430, 28),
(1462, 799, 388, '2003-04-03', 'Vendita', 30516.0, 15),
(1463, 38, 723, '2007-04-15', 'Acquisizione', 15949, 28),
(1464, 16, 241, '2013-02-19', 'Acquisizione', 11324, 7),
(1465, 38, 886, '2005-07-26', 'Acquisizione', 6486, 49),
(1466, 864, 886, '2005-07-26', 'Vendita', 7783.2, 8),
(1467, 50, 730, '2007-10-28', 'Acquisizione', 2554, 14),
(1468, 685, 730, '2007-10-28', 'Vendita', 3064.8, 13),
(1469, 35, 808, '2002-02-22', 'Acquisizione', 28880, 46),
(1470, 534, 808, '2002-02-22', 'Vendita', 34656.0, 39),
(1471, 49, 684, '2008-09-26', 'Acquisizione', 23472, 32),
(1472, 47, 377, '2009-11-25', 'Acquisizione', 15072, 18),
(1473, 470, 377, '2009-11-25', 'Vendita', 18086.4, 23),
(1474, 10, 876, '2003-10-21', 'Acquisizione', 24338, 9),
(1475, 10, 722, '2001-06-27', 'Acquisizione', 7234, 2),
(1476, 824, 722, '2001-06-27', 'Vendita', 8680.8, 46),
(1477, 20, 195, '2011-09-23', 'Acquisizione', 35179, 39),
(1478, 871, 195, '2011-09-23', 'Vendita', 42214.8, 2),
(1479, 37, 701, '2005-01-27', 'Acquisizione', 5572, 4),
(1480, 254, 701, '2005-01-27', 'Vendita', 6686.4, 45),
(1481, 17, 40, '2007-11-12', 'Acquisizione', 30622, 47),
(1482, 615, 40, '2007-11-12', 'Vendita', 36746.4, 31),
(1483, 22, 710, '2004-11-03', 'Acquisizione', 22645, 50),
(1484, 631, 710, '2004-11-03', 'Vendita', 27174.0, 8),
(1485, 47, 649, '2013-11-19', 'Acquisizione', 25584, 28),
(1486, 22, 511, '2012-02-08', 'Acquisizione', 10319, 21),
(1487, 10, 778, '2007-09-01', 'Acquisizione', 11181, 29),
(1488, 20, 667, '2002-06-22', 'Acquisizione', 8308, 16),
(1489, 10, 658, '2010-10-27', 'Acquisizione', 30396, 40),
(1490, 24, 926, '2014-01-23', 'Acquisizione', 39464, 35),
(1491, 300, 926, '2014-01-23', 'Vendita', 47356.8, 34),
(1492, 43, 590, '2010-07-23', 'Acquisizione', 29458, 47),
(1493, 6, 182, '2011-01-04', 'Acquisizione', 36043, 29),
(1494, 37, 177, '2011-01-24', 'Acquisizione', 15116, 32),
(1495, 19, 75, '2007-01-24', 'Acquisizione', 25612, 47),
(1496, 689, 75, '2007-01-24', 'Vendita', 30734.4, 1),
(1497, 11, 771, '2009-10-06', 'Acquisizione', 38591, 4),
(1498, 27, 507, '2001-06-26', 'Acquisizione', 7818, 17),
(1499, 25, 454, '2001-05-10', 'Acquisizione', 10479, 47),
(1500, 6, 953, '2011-01-01', 'Acquisizione', 15910, 7),
(1501, 470, 953, '2011-01-01', 'Vendita', 19092.0, 46),
(1502, 7, 955, '2011-05-08', 'Acquisizione', 15620, 49),
(1503, 585, 955, '2011-05-08', 'Vendita', 18744.0, 29),
(1504, 16, 889, '2004-08-03', 'Acquisizione', 31836, 42),
(1505, 277, 889, '2004-08-03', 'Vendita', 38203.2, 6),
(1506, 21, 236, '2007-02-16', 'Acquisizione', 20565, 4),
(1507, 42, 215, '2002-05-24', 'Acquisizione', 17808, 6),
(1508, 796, 215, '2002-05-24', 'Vendita', 21369.6, 48),
(1509, 41, 558, '2011-03-30', 'Acquisizione', 24370, 38),
(1510, 803, 558, '2011-03-30', 'Vendita', 29244.0, 24),
(1511, 15, 635, '2007-07-29', 'Acquisizione', 29734, 33),
(1512, 845, 635, '2007-07-29', 'Vendita', 35680.8, 40),
(1513, 38, 434, '2012-03-05', 'Acquisizione', 9620, 31),
(1514, 23, 294, '2009-02-24', 'Acquisizione', 27684, 45),
(1515, 36, 70, '2002-05-24', 'Acquisizione', 35800, 39),
